3039542644
1529083890
3011967671
556680731
585994513
412630652
2946934846
2274778011
161616069
119295329
1572430592
1395781536
2905240955
1264474194
2436728791
3032189109
468791623
361205152
834067998
1046441864
563996923
3027921963
908823409
457947504
974413447
2365942495
19067740
2782417721
373514811
3031336367
3025231216
2463060861
2909996068
1139275500
3025435821
49341891
232913044
2374055916
2176277153
1085785950
2261009945
525206419
807594410
1080211171
1101232718
3012167506
129743981
3015657622
2319877943
2967798070
601324967
1442630682
2879387183
2841325967
579608323
424259611
554647442
285222898
48124713
19154385
3023057213
1239173688
2852388790
3006520560
3014605774
361120318
2529392892
547158356
1637956177
51208981
3021326944
1163240749
2190013190
483183516
1927783394
3018786317
2981025111
248828021
2489630144
541954847
2932826537
575701146
2174728400
2980869220
391992591
319127358
2992819936
2274987654
3009404414
1300704374
2672074745
1164375084
3009072228
95192538
2484512236
2993291434
2440604355
402008712
3011125103
158371452
1449814316
3012117675
2512638479
3011887293
2966905263
23756476
3010640577
133774563
1707846612
361462047
2519985456
2754550330
2997500739
1289180274
2956057110
2992873431
2938519655
3006752697
2389526233
435501041
2347100435
419196493
3006048243
46628627
85988831
275011151
3005265070
3004617519
2852171134
574868928
583141552
137063303
1454827418
2989116857
69922463
119878441
374542192
366478592
480312962
404727782
302263264
1080066680
2867072195
395375287
2334750529
499776909
2796416993
2998804018
295083023
2998691039
127217760
3001817417
957023532
570376506
2448637729
545430366
484967227
2975333144
1250421248
2864613935
2983493902
2992553105
2987548245
464557433
44327285
2981995936
725862954
2364607268
366551653
2971097806
2982500445
41704342
2935089759
142439591
122628140
66662815
2984094771
400153416
980882552
388951194
249812032
95101647
2916071529
2537197838
1923934062
2537469421
2466304284
2364035766
18087050
2892057118
183738227
2746600284
908774156
2419540226
531166194
1270611518
2966233204
2990448171
1285714784
1327103288
912786493
163831155
250133505
434359530
513161344
360660836
2957404305
217361345
472144395
477071867
24678870
2988025161
629413475
2979117879
2867178845
2962607117
102149265
17875089
314041357
296777790
88888384
2986985703
568976612
18085568
196759805
625806849
2970562343
1422654793
44882202
2982289889
2334305618
124217462
2510965274
2477586594
2974582763
2985548637
467324180
1466791357
288186409
519864143
1176911119
741520104
2973782662
7936442
2969554294
953162101
1433876010
223101909
80103441
531253078
565779583
2958514553
1442410680
2864377822
398589525
739295953
310952993
245008555
1327430616
442153663
2507810743
224009143
1560821792
2973676384
557357970
592931306
2981019945
66640054
566267860
608999891
2379876513
2863156626
95413491
599192163
910799539
99503103
494025217
745602259
2975423589
91173976
2259078933
2477202839
825870469
247673859
2960265393
423676776
2983773826
139476246
16569375
12835802
953404159
2976218117
83200497
420487221
2567833100
231777033
2981226407
534241336
132695567
485805906
2977062081
2956528835
2981832759
1979219365
883941337
2940476122
2429345975
387193694
88756535
2969175943
561228371
2222105094
2408915392
970324644
190762927
1366155020
767953771
517994522
2740194479
2899735684
26078636
2980242785
119837028
869945432
2970132142
2979997995
2906692120
2960605809
28093175
2959904259
2979522237
16389573
2460021649
550000273
2979072519
162454064
2879278227
2979170841
2611772656
822850964
791782003
1534450819
172326583
518508412
2970175515
2978689841
2754603851
1969432555
590932263
540353916
300217528
2973640043
464860612
401376714
2976303677
336284433
221905181
18602829
2291038272
276911852
843268596
1119943747
484248484
51420909
2950790211
517760761
1382457710
2917020403
375669809
111593108
2975255517
2515337687
410699731
1868256188
2559990052
2958148563
278065088
1670994362
2867913328
58768754
385053583
72399751
187880724
1165856142
123016703
2780249421
2960069621
886859286
887523841
571341210
1979629645
47888675
37905588
2974408181
2933627087
1470276247
2873129673
771443179
132130868
2975944605
450675213
1397495042
2569581685
978025704
520769096
120212177
291876349
2869680051
316689906
280526558
2461808995
2396126851
572998925
56351507
2593590829
2365648707
1392699902
414924605
548110684
2610273109
2965981402
32402150
706702432
990954440
2906966702
2402906415
225929651
2974435564
577566634
1189595143
121517049
17716679
121750709
2966386282
37927187
49119061
2927081141
36755164
2259410523
1015176468
1688707615
2975226863
2973854787
546916364
2974881153
2975077509
972715362
18133399
14811402
473878553
148437139
1372775220
486857434
256442579
1725867722
514173526
486629194
2489774629
247466809
64696169
475253841
2723978168
2941969697
1732998654
2971262441
2974832175
542542934
548484606
2361366992
2271754379
2846964598
1073902512
2974501803
2973645177
479878401
2969636741
293731231
439992545
482361065
455700476
1060563276
191079412
618295547
256038156
625726366
2909992491
26992649
2971974946
478898315
1631047986
524430518
515303866
553064436
2763072230
553035235
331099638
436058390
611920809
2327824301
2900314784
81874117
2967526871
504193340
2967543934
1605740090
1642527036
243757931
112813
470203219
188416179
2964415868
717663925
908354430
599451799
1169294510
119858229
2968894318
80561519
2285612274
2308989686
1357526359
2509891417
340432594
1192955546
1168581764
402211781
271027911
339410016
2961580977
326159696
2966454149
2243890121
2973718677
194832495
17814205
131347786
59389691
358206675
2883027921
2501911912
2975184338
2842871687
129889503
540136618
426131691
806335010
2973598924
2966582751
1310618209
2962751637
2963160659
1462924393
2973766317
15430252
2943620758
957302257
2960830905
408662784
747623016
2315459574
2719870643
2908417829
872494819
14301342
712713283
2646700613
2572108611
392885159
622530130
120191728
1004843539
526503456
1074707096
90044887
817779691
2973429107
338387707
23695173
55050495
2687281964
2372852864
122140889
105266714
706815841
1339709179
563888701
314485789
1056356640
150619859
1693562468
526786577
49624170
2228878766
385391659
264940920
2546756395
2233183401
2150768784
607528620
180326029
534778895
2901550738
2830589622
291696743
486888353
597319638
1238705144
2966763406
2606707684
473994945
29967803
199326747
2455815136
1020560329
120048184
1106956320
2955647069
2225528156
2971371281
63694754
582845253
1723225039
2969815407
2938989143
46665201
730224404
475072542
2969440983
581222381
2648575783
1689128084
1598394572
2973611867
1638493188
122473717
316572315
2800811195
2971820230
130980676
2450605630
1426122930
1296142514
1516406928
53358283
2960099795
2177488065
2723289195
2875413417
7973562
2872533603
251526822
299923208
2227051458
2220103820
1728163572
875482423
73378058
319234406
933087090
1334604344
2657423873
861826130
874108801
507327356
405490311
359121300
2898973529
1380106946
50901548
1499037564
298763339
40823919
443711489
520273880
847778191
513665875
2975360383
537889082
1688698621
541696073
560319979
1159499978
232828811
2494505665
2806370027
110259073
1295639012
520232238
440340218
2212402111
562914244
706986439
2945373026
47174564
1542042758
634720068
58192783
2576093998
486875001
348075273
2973644597
428031674
2860107473
592845803
299713830
1131060722
298598164
381480508
267910950
560437826
77272535
2475693234
1112826151
50927882
2506284005
582146747
890209478
75637748
253957938
360928289
602974571
1255530769
2614770839
520658735
2501642175
704483612
446548022
1874804868
974755033
1692085412
92120753
262236559
2901055336
519529581
266176385
108566762
555426099
1875400694
571194908
2865482439
1357366189
2828416562
490299082
2472547134
286153618
2943976048
2920224629
102336755
70994984
627370039
2612033213
277678549
361388805
300797994
374061349
2968043332
2743569154
579191720
2306408530
8287952
2623928668
414154807
2975333719
472309783
248121866
2567695266
438671738
828855438
72000013
2840607585
363824752
69625218
479706662
485629249
1623307874
1068088526
1217871962
317030588
51830230
98399985
473812289
1708161416
230454958
745304114
2963105849
624830883
48104722
117814893
2973597549
494133766
84204116
2943429473
2867141225
542413997
1332298790
237142867
2223314780
2768078744
2652736013
2973670342
1278119648
73093989
259946562
615430200
500129659
1286217486
2766218625
2180265655
2738900919
1640416524
115334070
2776941852
611488970
233004566
185289721
2881717509
446126795
2972854594
168964298
53770279
2973621467
951992401
143030230
1613539496
850034737
980530818
215114587
1143455251
1596678522
1117595558
119846154
192637495
982865136
2909689383
252132463
203533175
2896624006
46121133
2181978315
2966030333
283677540
401386964
299185813
538152972
365709474
46479408
433398190
56960910
82425054
122756198
1209684079
949961365
1632228194
300171017
201230338
2972716738
1250155896
425937307
1571546696
2203747944
923837912
985645458
2250816135
404808682
2310538624
2285760046
1454943115
131618926
2494419707
2866239035
893634882
441660547
1693323018
484914597
35700747
392859416
146760605
2965988891
1170303001
281728439
115972742
337668229
408726196
81951294
2970291706
1067014855
1707114600
612060622
108053443
307732001
2177357935
2867574611
2586477127
245253972
38510791
380236223
2942625628
2338903013
1734763429
504961989
117843038
960971618
1956999830
2833720474
1962322458
1634056663
1019854099
514259048
2740974850
833242338
2159690822
209062660
2507983711
1324448269
120032935
459417189
483304749
2313374869
2580182538
437729531
23315976
12073732
2279774225
95303914
18636101
89305445
844860258
166144100
287113662
391529403
432675412
588957214
467514187
1172681083
766004690
293463112
940767236
901572956
2245530250
231928866
600401869
553354571
2327648732
271666180
2329068689
2871770918
1251901460
233571939
92939272
2308649765
365455554
146208658
377264662
2410158604
2796216154
47388089
176531563
2518517663
1673756701
394258393
244094668
2968655314
1125975162
125141373
314192285
256693745
2148565812
96151450
1015147261
755338189
2552869132
497281902
1227805068
2742359480
2303536434
2972037268
867857756
544096096
53949373
256175342
138368619
2967547805
363680917
1085927005
477696594
2356132116
618025588
721219996
394154011
2822781429
1042336464
2748411654
5506712
45342174
44264070
209957525
2355958463
604929446
2628508465
299850485
508788645
572423758
310349048
2187964017
423472141
122415853
974325913
2970414286
1272082477
2194351527
1332586993
415391306
2842075941
198947990
482971876
49894079
2945999223
2448084870
165895040
191367476
1665540854
275490630
2371616504
2966354093
124726399
454966365
935751488
35217229
2966403604
2972781815
949434164
835938048
15049295
468611246
494275981
1555269588
1122148807
893465960
157064111
190989656
2745976519
1729184150
586764158
137097201
1378105262
1099286737
2971638425
1919190810
574451865
240290859
2953364927
336727073
2925790305
2973374153
71550335
2973241941
1383814644
38500155
610191629
2970361642
245825080
1445884158
101127660
1325540856
471087925
2944816066
452339415
2974404006
462340990
1272955508
1021858412
127062517
551342354
2861327296
2811665355
120004799
2162422954
778064156
123984050
2971289145
2970070617
476063516
2168468114
270783089
1730831803
921971124
621992274
2968329129
1077630228
911086208
2865934268
581034503
1857995552
2967879412
508661712
493266757
51374905
2481204917
1964151456
130250032
2476503814
2811007879
373586861
2663287327
2349307353
2355129367
762084246
257558838
2970536667
784407080
1872556556
2204310527
1365204926
2967406725
101719019
2926720515
2969534104
572785241
1099327867
2243148023
2243666788
481090090
2545554687
155355791
131952616
492049873
33181840
495778873
2762302005
580122455
359287272
2261896278
91841328
894144282
758961786
110971418
566630828
824953686
2825402237
2843218727
346593332
372438448
185149070
1883941778
2970013511
1241087768
299839968
522383947
2326112039
1546094029
453366849
2706598789
409847844
2967136900
134604587
2604919633
2471508938
1920334844
306022516
2279810518
201669473
2770140101
318325429
1278589922
2965937079
2968811254
119864153
2559266414
1303158985
5471102
243842464
1004315875
468736137
212792895
615393570
2240069865
533259401
27715274
574609670
752718889
2588104822
2787782465
1321157360
2926750955
2302253435
2956806249
2962686483
2378748318
46393020
865553533
2244245018
362991039
264932812
2967638615
196661223
151403939
426581332
499112459
2828239980
307866340
571878729
1638612912
586940307
888380893
2810565707
2904842938
2955936621
2231153506
607436971
2965982723
431026848
93606050
481550160
1403013354
600932957
2188967265
2291669420
2250723415
1635826274
1897155848
464627984
1364313446
985262425
1673274403
416214545
826843843
915746726
2960683822
2507997223
2966405765
322206171
2966400699
22611247
2962916285
211471531
2938391535
1057666068
2965775195
2899703553
1910387593
106094826
384947967
2815404627
431431935
535866843
2448181823
863477888
63689322
2628058982
470501226
1241518460
2222854710
1179361998
2879163195
26764298
2946728075
931730041
61623544
396850136
1278158234
247745460
2885314997
2861254226
2960941522
2960516747
57185706
221954797
410689012
1492981374
2956594564
1264532760
717731397
1700164640
2408611586
1907372359
444049892
103215391
2455401510
2863788821
2798649130
552613281
1281373382
2958252767
142355144
170993398
773263621
2309828010
2955786063
52356756
2955277059
2535103347
2935871339
1164139308
501882458
427445054
747041221
221146723
2897678964
637082737
2932438265
145258625
2946663311
16921529
308710127
49039508
2939089077
158029423
373539632
1346498862
2949246249
2945680150
253959109
291090961
2950038693
2950321936
2765017305
2950124224
250639573
1679436001
2588936349
1154541374
2900679475
1615069927
2706489703
1315261350
393496177
2844612323
2610834893
289886685
1027116679
309209065
537355749
1849477076
2670972422
394658733
952062319
550894096
567660380
2402128899
2446737727
132180674
461022175
1624154234
387207936
1604348977
2293497407
35283477
2370966949
804560419
564064992
2918404991
2942553365
1065504336
393493747
1051361270
1630077157
317438732
987053978
2270299419
1492448215
2771952899
1456587698
297325366
2369943491
594861320
1236006223
2253125921
2546168966
2914215413
2274988238
565627623
1976906419
619516743
2830393665
1416007704
59085374
82931475
858552474
1427440537
398618998
294321649
632933439
708963401
367184269
2875032808
2897941091
186770887
1156930482
200161791
619991694
1574608974
2896371783
2572706447
2407541948
2937021219
160355127
2726674505
189838829
526086483
1334844768
2841639154
1436719411
2608529873
2885590726
2935641561
2616974916
2185733284
2923818634
67026961
384239608
1528133576
512085228
2212723450
1387496892
541589407
1475190234
291269657
1024083696
2438923632
2160150297
1372946574
1229663214
2919528159
818616919
396677496
2275289553
497814660
1340040090
79031341
484726909
518726230
543282876
557585263
869646384
392771953
925624861
2920857503
152395744
71482134
2732122031
2749483577
42693775
603508940
65650816
50101305
133185634
2673121267
50025023
181452876
800866309
424588339
548740642
1931900430
286402249
539276787
525444846
2748295462
2489569756
480619204
2370054670
345535388
569463833
1093418552
784543844
946493906
1397247806
1198721707
199575026
820132813
1007055128
197945530
803851070
2854671491
581150142
2881088638
2793483682
564034882
622673381
2277326165
575697164
1331403666
1093262089
705210092
2310208080
1637541385
73095186
2147896992
257221971
617179114
2924962480
504158706
1260220770
1142986550
2457155660
2874283541
1367637800
617863900
262346825
1576120219
2920304303
48877425
55027465
122425155
2831400045
236051246
1415943032
944438436
2790836963
2846519218
2794349941
495790202
2825349592
524644972
2931050107
2428662612
1596230568
2505378512
368895605
738712736
1645819220
1432658683
265080338
114606422
2218167980
410678862
2711788679
2493563702
450814327
101344270
2917360143
2851370907
495768347
499023532
175714954
78404949
2921811851
151791837
412588304
2512092276
370774359
771576894
957219451
2920428982
435691225
407267037
2921243506
68754126
1190353316
1944753235
1322248915
1470064382
484089793
1246540850
970383456
559856360
2868844995
43873178
2559632710
280114224
395271717
448440386
442165869
2695541604
2271390657
2209796191
46605237
261790851
901917888
496687813
399572503
2912937398
475170768
224401583
507839831
1861147608
2274499963
2807447620
2821203855
2846819474
73120116
1264458564
577986599
2918671961
59751251
2238759430
1152269155
2927749016
849792638
480411137
525566470
2911916841
43322497
419486440
2572002129
2916101656
849882140
580955174
605103991
124813932
126423999
267351593
235910137
429819038
2612194871
2317263566
1713873775
2181171537
250033661
2917402845
401343828
228549722
245827194
2772498993
2393188896
449072069
790988245
2320899409
120469473
1921308145
2845043652
2525997966
2740281185
2327857265
2586160545
220005519
464263867
469319312
918058459
1975261086
558779602
1498883058
7843562
919162212
2169457397
887127252
1334782849
434439911
68956589
249641599
247930482
43325393
339760372
457760832
439993845
2344009662
155861608
174321502
2826123629
1236430141
485785567
2904855335
87731830
5465832
1482545774
891865562
2890653417
817940358
535721497
1292524134
2762813251
911209008
269359487
2884912502
2910040223
2252382156
310357813
2725104917
1052215962
288229382
127103223
2827249978
2821150689
601977993
1278490465
839870995
214195018
339559284
96459775
2803604868
636849914
2909625323
172726588
821951466
1420247178
2893112747
2443983558
2198471642
2795661069
2203421541
2423906377
2751636304
106408275
300279754
2870962174
2497778566
85844312
188919952
2885110722
1950017730
1036577689
156740239
2310258214
753839564
1969171268
385913314
1032679915
2300252671
539162615
2914092603
2913770907
408680323
2869515274
455060194
299122709
2593247841
2521642707
2914380965
1920748272
490292663
2876312237
2421581461
202683202
112782893
2901323271
980735396
880522968
397378608
1670471893
2807907224
552689329
2910056615
1043064631
2924561006
459221645
2749429389
2897985832
1394046416
1544478758
2348592741
2806136484
2745784923
2858781004
2891232627
2662687272
2902509419
189466258
385984328
1854573308
2914349888
125085865
2575353272
534368436
2333422145
2534266671
2452879397
519872137
937311660
952517130
28885982
424908232
701354735
479409614
851424012
903301044
1668563785
2614952253
204049901
2402178390
1882902422
284196218
748877898
1104521077
128845800
1273459700
800721805
2305708443
751013119
2911071106
976380451
1313316878
298108032
257591198
66326822
2235942315
300088671
81579463
571256089
450145171
41926315
270635469
2924713488
610282486
15195520
602591563
2721277587
321969427
5570282
2784259520
212028631
434511469
237239622
73368955
2786980198
1031140400
572055613
612366376
757767660
576266449
131569122
2430868954
445369673
1858027591
795818340
324358644
2166733603
447399257
521435777
1125947329
790239048
806771102
36975014
591889157
436798713
20586325
569324895
255658709
2763426975
2411258903
984817046
255705523
431899674
264829258
608477275
1283019883
176561031
821041309
34241517
85385182
33863514
1180623139
472484866
465730874
136237592
702002705
2585399286
492288774
311598568
2357063113
421987465
2463239924
455903339
544541993
481453595
385022121
489212364
1633905002
2228956203
198136708
572672786
224648978
1195083613
558443264
426037584
437339134
313686498
2831938405
333359596
1106299106
276259274
2165488610
51417676
17871187
2227573090
1262613018
145730426
911385846
393296880
2924536657
1480563770
2382634861
376789328
551868249
410886924
42850601
747505795
2449751387
280110414
720877003
836471490
575699398
2613843896
2871943047
981314815
393304948
455589701
2542137427
2532814317
636629908
1357582147
1021676544
2197885040
489499841
611697976
1360301305
24539523
206788032
379524430
38636614
2782723073
133760499
57680193
2592910807
1002044406
6265282
313308960
2363870772
374749108
68767516
132120044
15910280
622929620
69519155
123824529
2327832062
256131459
485058504
184424034
2523403198
1480163575
2661317645
608456517
1014687992
1335045739
2472306668
873801
99172436
468627786
2912433507
2263700428
459190672
555075044
144964256
2399356910
570105589
44426570
2537872329
389203550
381122167
553490141
255815023
2253988450
546709457
623641029
43867137
596656937
350155103
2747696350
200506423
1074681200
702838391
101203555
2728938236
1057805084
155639738
309675202
2730239091
159507204
405142435
570004778
634603569
487397360
217474562
2907735963
2770163849
252057002
1488172243
2203263499
434353631
213204512
75804537
2912415845
389660096
386106956
2888398636
2382255434
263066952
75997283
17780063
1622658259
567044365
2801541995
572173310
346767673
189213915
343921388
2727124468
201612300
1157763144
2888468200
21744964
2377125060
235603119
26069204
1035036474
454730311
44578635
204321770
2910821058
630421512
245992640
1053434298
485810381
989577546
2700963933
2402337123
1601612792
1468842390
2911683729
430773354
984569875
582995471
2469725420
153087984
2227117840
2186063874
2895150557
2288509179
2909791528
393208719
580818419
2463065769
26832160
1377410617
2252917563
1137408746
2774383838
2814937379
66595937
473727806
146402211
404849166
615169763
1869032934
462204134
122966834
1607718278
307992561
284530311
26746606
2887021258
800467806
47985187
1971928632
32429939
475768474
51082893
1667841642
15658101
200244406
1062775753
119923946
270965016
15618548
258783362
1625321904
259990381
2836893972
2565543954
299784568
2839921324
2768934383
2876201362
415892983
215322300
188279240
212521157
2899439121
2776099307
1214839470
734709860
633342589
2770241129
966737611
1490808872
174228270
81092794
1609372680
452456896
792357055
2540844737
1006447795
2863197687
2878482232
1949617165
2306308162
29240209
254502535
2786928202
75292973
164001523
53231972
1073741684
1268710765
2902117083
2908228900
739026036
2339577809
442891512
2828280182
705339540
2904800181
1148521076
2856412493
475180870
1498046762
941270936
1017815893
1329921272
2908286788
110210090
566700592
620946178
450173205
1009724094
509315280
246303396
157631833
527870667
220068675
2850218512
1493755153
483758295
2678453923
1463339965
342956560
1482975696
1020804127
179440243
20034786
1058998922
26253674
2906009433
572806752
1164072091
1380572256
1090231170
1139783108
297822655
1084361634
2814710649
1262637859
2366774948
560610626
2847350091
49401040
806438174
446093574
607416636
2482483032
1676836003
566226047
2825977979
400326551
2166817477
2883143880
526361014
1243945788
2273614386
204861233
121799637
2163423659
2757384399
2920968686
223182597
1130433870
1201562610
1691028931
70119644
491269438
495270181
1055429192
2908177053
448633940
71755112
81391399
435147391
329530280
571556723
28702743
411756997
2345769173
567341259
1923880278
455706527
611689949
2189003825
2904058929
467350507
375656195
382706312
518619884
315088133
2612036098
780311316
446253265
610037861
588597971
558611439
850945868
630417283
875243107
135842590
600857255
1415857669
2882731336
39250774
441130964
827541816
484013613
1249829838
709074511
2698958546
2879238615
551933359
2750462806
151741380
2188911874
405181881
2907145243
2244527683
419430411
2874453514
586969200
1638905786
1635251455
581813078
2398144036
552983224
2181006626
2397644882
1514086046
1904637098
446291162
492498806
1647437443
2863822312
599292492
811525130
71502954
61995260
134484433
706191813
1415028476
1638920790
2906328412
36387647
2814379337
454222581
2505002474
1326618535
2361056724
559494181
2879482426
798299628
1236394765
298478868
2787648590
2826761683
2440957895
2730938458
2905648425
245123308
357726645
2888721142
622248361
1249858182
806887698
2833780865
1462941157
171060961
876646632
2916039523
610811180
888381853
2904393815
17940911
892391138
506592435
176790830
205002257
357627470
2416109872
2887262288
2293205137
2806046199
279297653
2797703074
2861407532
261703695
2792535429
1260492570
815693720
618598737
615057438
1887021187
932046012
2817440364
2809617854
2433877462
2902750607
324930483
2567128840
565791150
810740089
1275953617
2902525534
415013042
183339567
2465071795
2902199769
1320549961
1887747552
2900525710
858494114
223087678
2871745612
2369361837
2198523248
2899949519
1056461682
70561358
21259385
72522903
1872456439
2618062168
2864855518
283481860
2871394654
2896449333
399500247
839906156
975851263
58109298
2900552607
1244402401
579478149
153039530
2175435429
92746655
2287937864
2891103513
2176118110
1917325795
2347416883
1449582559
73193369
2900248131
1484531695
627189154
99281096
2889650062
85819232
545415687
91680689
1640181367
2382475764
2290341149
1627469839
2899716008
496418795
1883015984
464811829
2801970935
829358090
2898953031
2896521107
1389381564
403329171
968010248
1880722170
117364453
2164514557
2713217719
396702402
123505962
474750748
2361206551
2840186782
122795555
956306738
991986529
408766829
605336820
2896429755
40420711
280426396
163011296
90909649
2896431064
345600877
241278182
521683954
135132601
560243330
566579129
37784610
271966305
1174247510
2858394165
614509648
2228641249
970117969
619188495
1267760034
86085369
1421512260
1022670457
9768442
1201582045
2892651580
282494693
2893775159
2893623459
2174646315
2805518975
2258046526
38677222
624003309
799388336
997892886
2712482282
1399044644
544426820
1260012630
56985361
2886109378
33833261
1194511838
306927669
91900380
917325632
195345294
2890933000
878705082
2601092170
2892399890
891393546
1225962488
119849329
2501864204
446285619
490263977
226110565
2889115697
1112857292
2886373511
2834433028
2884729608
628333658
300257837
720644411
2887380797
1975975554
819559723
72587978
2887078953
1612916725
2286983917
1640457866
427754702
383697887
2886059391
2877156281
2868831465
828762594
535526840
102318533
2869096559
2867110420
98699583
259962574
1687303405
2207902395
551163656
63712551
2873290885
2822508915
376351572
14278799
2875346043
2559149631
2255099499
555938384
1904829128
2361575254
1209490387
2867815383
2519829987
313510579
993821269
85142144
1367021786
104223111
2707143400
433502121
128741598
486662341
213615321
2790349628
531592606
527281048
315261443
2879479073
921431630
2361577549
1333902224
275962403
2583180646
1576264982
137358305
2900753689
1344645132
428782177
444157926
1099496636
2719437775
1158573986
470928862
113299218
1124798372
866379793
990569612
405849239
359085866
103319793
2853387496
424307138
1375886497
1554192192
1978507284
2506840840
1351315243
2154096382
2417472145
371961864
549468952
1356893826
429925314
1334401285
1531610642
94668554
476129494
413322319
1265435516
986403642
2470867004
492933357
997011800
827994960
256804727
585196753
1622439230
181314230
357887475
117511655
1403455520
2843136345
51583304
2723863902
738980527
714049711
603867864
270446771
326786127
321891094
2504783808
78962267
89749827
2754985594
55187200
2411118786
406360689
47938288
18438022
2867668383
146014172
2824902490
329327596
2884807862
2867831667
52125415
496479967
161227720
79443300
54579672
576611653
2865729802
2862178547
1436262662
46482676
817872403
2258927732
23072453
469329478
221375224
2863037740
2842624007
2331991473
2874902322
86392844
2859588334
2881821013
495211085
835572216
477232092
259333440
2827398675
2765860377
1933513700
1506459626
324613675
541998572
363009077
2713216109
1042074114
547054113
2780423578
1057879316
2802070707
2787971405
85802674
941726616
120805649
447227677
2175617240
2460185198
568662649
2857904091
71915118
301999720
1609368980
1331826624
238246592
61189990
1026982998
571197199
746237484
1158359438
509780943
2782969538
124157065
767144857
286860843
2863060934
1568085366
2870372526
2874936217
546171461
2172444344
1392619183
185828611
328602587
750330416
2243261908
843317262
2752034241
576778917
154657472
897512629
2748317145
2875462668
374424454
2876431297
2801052160
2675055472
617061105
2875827564
1163929638
392285918
361164030
199703348
1678046545
77820139
594735904
767462160
2841872656
2389771590
2345162283
479536030
1415117594
1362781566
2870850391
2801644368
225151681
2834887911
317774289
2862975072
2826262765
143081368
155817771
1310771941
177945783
603882661
1701343519
1270280400
2836524615
464627938
50940429
2836395849
2856741678
2862773010
2821211867
47557357
848187990
2354888178
2843785093
1088452320
490287765
257180198
312024359
113876786
272614694
2822447899
576680222
715156723
1152068887
154182670
1581393018
707127792
1095348416
352262735
185504049
80899319
1729610454
781185614
1281778909
2795467235
231898003
961132693
2176511185
134291386
372505557
128997491
49249147
178687641
2825403814
434909341
72803540
2807208806
2157876235
115702666
2782832520
1588322095
1590353778
618872546
761527008
2459881713
150403608
192851564
1071591450
1460016902
393650699
522441150
2808910287
2787643449
46482695
2676039929
394597031
2778123389
2310341663
20444247
1444744752
723907147
9157102
2809045209
861791869
2741562106
2711170804
397866136
2158098764
253594683
2800770681
2780034940
18173885
2789011905
2802932986
170750682
272349949
1692312308
2800432299
2390870070
146146158
2787092471
1557673128
2523624393
2801884205
605300251
2358081164
2801698575
2630606873
59403773
21765747
356809852
498091823
131448923
188669299
2732742131
2634101278
2799627658
287874764
254564035
1951611666
378202136
2422891966
441521799
2496475519
507371866
483250065
348860492
251352084
572878857
836115217
2478552050
421127111
19525597
2622634697
472796432
502857346
10578142
89142393
2800628433
1613474880
119916631
2452875002
40084936
2589973947
47399805
2730044675
162728070
342176985
600921662
1890713652
2799700745
102108027
897772459
288825308
1597763364
2592940650
2776037615
1223741
60023920
469530238
2617945894
1513480368
1093413000
2487160584
60029744
477801562
2795942513
2785708203
528873556
2432171766
2787811895
739038620
1561550388
1119480132
2789979634
120176985
393966452
2788985453
2787807665
211097957
2167169944
2312649701
604408334
921142746
159796059
1641519272
278956740
1262228906
202603545
380531182
2709284700
514251578
2342445936
82312014
223505499
124771812
195299681
1923141211
119857556
595531909
484741784
1339741914
1089581119
494292055
2721037233
2200900751
2555145420
250110123
290721140
1174758049
619127176
932282576
120236078
556128964
53083741
372201683
2227456998
468773715
2532815421
237767001
2778810225
2777492572
16964745
2771612649
2821512817
2777450525
80430753
11580452
45030690
115053063
136382723
14813149
149267580
1389608612
1396952414
1081050290
860515992
434220371
764431116
229608145
1092653624
365280595
157973550
245095334
486690945
2170376760
2212452247
1206257706
95016173
2631162993
571448127
305706825
389650190
1271307925
1934140508
193780470
15232533
384788148
1243447621
36337862
1165358166
2317480305
2342761552
63546487
204487203
1968844255
1333287948
86164828
340450464
1622817697
2731270389
436481670
1923354776
2800990939
37405713
2748022695
1160256828
543717142
1965801830
273969629
47294656
1187607554
1685470034
102778573
2615681305
813752293
14780348
211944452
2800001688
561036103
2591191583
2799611659
27268189
200232536
45782886
1944447272
97334626
1723452277
2688489701
69081323
557127367
395821457
2445435813
370963895
161684738
120165692
2759947026
240598332
2727281101
705274668
2722302343
164607656
510874992
322302315
780094806
274815872
2788561291
1730075904
1897833403
460226984
192893606
153148853
2716746082
1588142053
372342325
330997877
1665472340
325836576
447879767
360990497
342442911
48134115
59411198
489646394
740510676
1123467697
1115024869
2715145671
1172250110
18611180
377604735
534626918
1873685131
586405081
277977132
2301836393
431011943
147550435
951464600
1413262844
32838475
144023824
172123630
905714940
2784655716
146236373
2777539597
937811281
75534711
134538595
1944818498
123419940
2759150036
371851891
92972586
16068893
102051502
738234914
974781422
1679095790
545156662
6066542
495961321
554752629
915463861
2568987765
2764231254
2763778891
894998905
2761798639
1462091868
1292214602
854776250
25470790
504302483
964960368
542625731
1415326428
1565636762
372347153
386185055
125022136
339738180
2746224144
34639647
2745830445
150824236
2499758443
1504250065
2733539559
2648950632
491435351
2729220534
178311193
752084334
2717086442
2603410339
529705398
598668392
985257462
744040334
1204936452
78891398
781032223
266418858
432877090
1975867344
2697890114
1249554204
311968960
2678798488
44349488
2693528995
495304290
160146337
2210598907
2674238209
213384023
432358600
804410238
177644001
2676617400
1402925923
2499339666
2656670598
318449660
2664290396
948310982
2659396507
2718261605
334289970
377902362
2652956576
784584480
368887446
51697680
1192600200
1069230666
2639778355
225555505
198273337
1684039783
832918045
2621492582
722558923
2618850889
293511596
602670235
2676392177
2614506630
2613644737
2690470900
1449165223
2612028733
1262459526
782632327
742257530
2580008474
2599981225
1433804754
24796176
2265532269
557992468
2577352080
2557216237
111402906
2567664688
7721802
1429032787
534645170
1518921870
2184739621
2606030777
211552799
56332856
1067019943
2604302715
2176131794
2555595348
318053572
2594415309
2537008470
2301802609
2548702362
542803443
2535694051
2543265920
1976044369
2507922890
820867514
120828575
2287952203
2500044513
2532782532
2531803532
2215769319
2564901676
560523120
2563393198
257670234
2222233961
146665201
1050485916
2402792963
453021671
2333196940
504323996
390723402
2471590524
276613676
1871694618
602953170
216079701
495869567
2498293658
958406460
90907047
794261557
2301513182
2308036861
861239845
2545708264
1470049418
826929517
2226386995
322638446
2408658637
2540931592
1334451480
575406939
457540074
2483712458
2535030790
1156507285
237451930
248696114
2479428134
568404773
2390145176
54923552
2319762528
2469842736
384203164
1657425752
2339001449
1576318580
568865027
1428890726
2466992245
1160393210
1976372426
2472402698
2420564004
338371188
2514304841
355514079
135945663
167020193
542369329
2510493190
2505975419
2509731155
2379113308
472060156
2461202401
352277574
2448387328
1595905075
2501793413
626876310
2430876588
2498872222
294255064
2493350266
2206000987
2489782499
424543136
2445675103
2443942044
366728081
2441929423
2474782287
198500883
1354981458
232354530
2435271722
386320677
2433544873
2408346375
2432488573
2427073718
38740350
2412659514
568518922
2422568228
528838287
114875532
167555129
2420870792
2413170900
408565528
876680978
759612025
1876922040
2187168915
587743208
929425753
1092276908
2401859563
1709729036
2162116001
307887330
1901306070
2377529347
410026035
404960850
442650194
2208833763
2386779067
2332482129
5609482
2383369418
392977566
460546072
2380523846
2335456423
606744170
2206786397
1191079297
1681575318
2277264565
384581351
123102309
2374140635
1514237598
2155383012
932693714
2370425755
1183346970
2254745240
197460672
2238806084
448904536
71065432
2375644881
1705546801
2359325400
2359305768
1633145412
336570968
2366231504
1714891824
548145196
2344242187
2216409491
2363919229
605388381
415708380
2284186237
589362418
949297494
2283301715
385598881
117791639
2345817368
2358691264
956450287
2302016142
317003365
2233538881
1957241515
2351490792
36313118
1860779634
604829468
387759710
565802052
50752808
856598365
2345940451
411006589
2349316921
225173681
2300249937
2332878934
2229494668
2343579870
2345781998
24739829
244022325
572081269
152786541
2327254430
766545624
2340951894
2340109912
2339124968
711810743
610993849
2322763853
2338380505
1573753513
363902986
569261486
261176536
189050638
819487740
2334878012
1339675508
289794038
621282161
1644184753
1202055091
547918877
2308525043
374171117
361767215
1625654664
568523390
247198548
329139420
946410145
1508549971
2324768397
2149429886
2321733605
1920599029
829362080
2323555096
704818518
469266982
2319246102
2320427745
2324332777
2323680966
2322983395
1910352246
2203832059
249396424
481437012
2320816021
2302899386
46375782
2269017302
119880068
2307211344
85345704
1245055537
75102020
2260693185
287100257
457403781
114299388
2304775686
380918159
228328420
311574888
281165614
1115298895
272933803
567527431
2315980500
955263187
495220301
1115544474
299905618
2266364267
221147666
411531041
997136246
2268650394
2245283325
719951972
410269777
2314557906
2219573189
2308298193
1015921099
723016902
2282344210
1514331444
1325294960
506079562
353812602
1707047827
51194166
2298989212
1338844141
1049038310
2218553796
2310645066
1709987220
484226694
2309695105
406234363
984539569
971224712
2171184412
887414917
499059075
572494978
1479647856
363100180
981036180
579554856
422011600
278678448
461575275
526758265
1333943449
581922906
1617229644
455902146
722612455
595231096
16259004
373235131
121647782
421221419
582745814
2275837354
2292256053
866103488
578897256
2286159364
185595594
360057440
2301966691
2288540954
2301635048
314133783
2298174752
2298612362
1156725055
1248963318
410206140
2290033049
2289635176
626731603
570999025
1164836958
2264860472
441675588
2295201247
2214289017
475281417
247722373
92400654
1009156094
384503278
397670790
366255688
1261598299
2187727391
847861622
70660681
201196031
2280257073
2287168790
2277710758
316398300
2176998837
2276705147
1615840572
1140559566
2286954380
2286457788
68956218
1952737242
146550125
2218106769
253938737
2282253289
2284600814
1014921978
2283948474
505258966
715219710
2239910230
545968461
2276955896
424589654
555811039
73406932
9478332
585806903
431790337
412917593
788517007
2266490677
1011598394
46623157
1084279682
551306829
86370347
2256929018
2238174461
357167429
2176717862
324442919
2269495651
1470772298
498317081
718159831
2194722442
1236464522
593195832
2239437525
356730528
1085716183
161075085
2255509647
606494040
2254388704
2254207319
2270313900
2270231424
2228636964
98478273
2268662960
2268683928
1683511075
1088614069
1227487628
613749395
2267756792
62810382
115404241
204015784
2245902040
2246663589
359234184
556684915
576549079
1374711774
108641866
355724811
1385385600
28975661
705359461
341146160
326303425
363830254
750083238
366142837
600426592
2238465316
508962653
434002865
752906828
572647652
345566154
372696021
2243665494
2259296766
184369220
476046476
14828843
1164803377
2192114838
1095907982
553069857
871597592
34586491
427504792
1872264488
571217916
378199440
255051467
553059055
18489625
1885530325
47470410
565472908
1653503880
184002631
1390202550
120126805
2254179145
101475817
2220106540
317617394
233947945
15235022
62023284
1454724444
319835268
360703502
2251955282
904673594
43508716
2250530826
68391155
456706195
322719356
97676308
634925240
461438784
229924854
327591251
319799605
1196760654
433303541
1425191022
1555795015
529630055
138843404
2175514726
370800025
584006568
1705350097
282472260
1628140340
17859123
385640353
82351237
1407661315
2221955117
22474717
117115106
625896584
1694586577
914948568
84905342
2240425350
213819459
312119010
94809427
2238523956
851260201
2216349803
917487554
439956519
379061357
2237394116
515247324
567544762
89975400
299835651
1416491156
905655942
278139460
15838516
1243355022
95751025
1516297016
1209584054
167798781
608077506
301607796
905566135
211475550
88942529
513283114
1460437806
1917851167
2231192664
215741279
260461608
1383211802
2230351082
2230416834
180044252
593903505
108425836
170094912
2191715944
286583499
632236472
1622373524
600843452
1849179391
1324834784
224758328
569924922
995538414
1368384469
236206232
549121288
262766376
1856910391
1408173794
1588690465
104502132
139995237
2170775549
405062581
47914279
34935688
524454616
572796100
532592698
18396319
814794961
314443346
1965078774
259157548
1976116784
559614514
458542354
1007126256
144997335
200618652
2176818833
203657930
153795218
193212317
1323107796
17082331
2198283508
2221350787
316956459
21874369
81063019
1430435845
367962011
155589186
50772223
993223057
370777221
64152792
2217569784
1969504118
391034836
560384491
2152792127
376148826
36763543
148283750
1402404006
2211336403
2205206641
545168156
793993596
1407309534
472921706
309726789
948755040
183472102
248331052
121761830
856074224
390738973
219298746
342398871
66144748
2171489853
1430388380
30844994
636606945
505636422
2198265804
966364688
2197488931
469324384
121875458
1912105099
737698386
1696579285
2180051993
2191235862
2186082120
449727768
137373301
623039095
2188188486
490244239
559043273
233499546
532596236
1479822236
1269925596
331787372
1680944227
412971753
2183085517
1938902023
1037842524
2182046653
1723308750
457346457
364152880
584963619
593019041
2172601233
1550540336
853637137
137042233
476897237
1595230448
145639950
532703461
471266202
1328949312
538013608
484064163
398619759
935829152
1974212874
570802154
148846552
274662802
67007112
2173615394
446612637
34568151
249078036
1979618990
484991983
839885486
566349473
119866039
1728277422
541800096
120267091
113606889
2178327535
457750177
419796723
749939504
1628577775
315469033
2174746297
586619809
1917642421
123240413
2165586850
2170534182
452443949
443999558
884231407
1217627864
456780565
2165307583
1560539346
1048438650
931705879
1038993630
266728686
304419557
91766175
1068012698
595276340
236351515
174738983
733200367
298959574
154258835
435823876
2149440250
1465550677
2158974066
305870574
300441512
46990930
26326515
289864736
893497081
262585069
47536085
1552854062
557713385
89197706
1261423765
901833126
184335746
524426952
1625075478
230111422
1979432443
500880887
544903834
285035142
1966868834
299043563
1958584148
460534301
275170009
1958160764
332255680
1609302092
706843215
708204191
412967706
1724923579
700983532
430165778
1949862654
1201474064
350271442
1947560520
705124451
249130184
395939030
197559877
1942184834
701320353
1423408621
192171059
1008233305
536744123
251944295
1911044474
529538837
627210988
107717837
1904477298
1924761475
573997449
1926209233
358706210
1924432555
30841014
5679042
418127306
1670232703
6014062
1916569266
1912124107
1915437798
1120677554
124435996
1357755373
1909232209
114027664
449473416
1901192005
1900040274
916999182
982191426
229900611
1066044024
1678190695
743498119
1884391898
904778923
1883337811
1456505414
773917502
1173261132
99924234
1880837226
1736387605
1859188782
455957471
42854687
1876046244
1875937868
1875057624
1872923684
384895880
1490015300
1686388784
941204569
1398259680
1868105186
428312400
120296191
99688051
1070301439
1860494582
1719792732
70381092
234371314
81464947
1851655224
490611458
565214996
579219728
1844935922
282460710
1754420077
566254993
347217903
252760350
1387893402
1200084986
221762549
1004179190
467473501
1725042025
1724513370
1640433264
1721952230
1720289966
1292230044
1031040828
515846776
1714674050
1713816798
1294955826
769713912
1710940237
514853462
1702538792
529669454
32774989
147534015
1697233734
316715061
295906188
1209477697
1678343803
1684358029
190661051
159019379
901740294
120531755
493674928
378113615
1680647678
383222352
57284159
1531060003
478070776
1574603636
1669684363
1399946179
1019391194
570367146
222204942
1662666810
492266065
1614647858
96909487
1660703466
1660730815
600961597
363631807
305808542
484742594
231153297
846005221
746899730
1646155526
1400540155
1613753594
1551816030
722497962
1640428772
428977712
624186187
6973732
1636030658
112128328
564438430
557194759
397458757
854987642
583125290
1076089567
1628944640
1160813029
385505764
107530451
622991854
1578188251
1175465672
1614876199
1621304449
735167748
98641306
786012373
15046363
549665346
152983741
600305637
303934328
113037221
594037337
104234763
154668260
1058988608
1613460186
39981263
1593577052
370753419
1601806302
1203551251
1586565434
341805871
116425861
444794653
232194452
1111663350
1599203424
1599165523
1598960053
484679455
1596569022
1126059786
835600447
598613700
1554255278
1507426134
1591589844
548448780
1590444522
143041006
149070696
1586936844
593203059
1582816842
1562658079
1581492180
885251821
300124787
987099619
313598696
303634778
1495668132
436692108
1007246502
916982035
1369287721
112203963
1571074183
369703683
1568525288
1568429658
557691726
1560790764
438730421
115804023
1391872406
1541967138
225062640
600413137
422570308
432955154
365521310
520703280
981103592
1430160324
139861037
709554008
611997227
1071822258
233176799
43129108
962468498
96721812
1512744840
139371806
922072310
1175597659
525793494
1038239310
39229758
329995705
1548696211
126514577
21775884
542766557
1539731592
1543053085
259802749
320816658
184417824
610317140
577382238
261935672
601645436
1076380596
525824234
613811493
404866821
84542269
141274516
566267914
1413211561
631444534
23812340
492193732
805563505
463697028
400297494
1520984546
1403104386
1311702308
749191507
1496441352
299745688
512091218
274547440
1490478145
502021223
1513101109
1010218172
400576549
624010271
121254989
1505711906
1499094770
454871919
394291177
1114517724
1496331180
1496092447
1333618051
46861366
161608847
74442083
1384953619
129566612
77229190
1103599806
1483037065
100879821
1308076975
1481126599
1309454442
562152834
314651131
484013615
997868449
171167111
1475469156
1475206598
370696449
51368686
1472718379
1472109841
1274535134
134945006
546949579
1250313942
1418237390
474872453
179220023
1375421874
434281773
272337801
1465341205
566520320
92765744
17411347
1457972929
1463094810
1391442684
77778548
229589364
458260635
1458049939
426902444
1457218087
144123180
1455417817
866229871
265349654
849252451
268667334
594505775
395066160
155539378
1446815696
266205877
1445611273
1416231128
159821376
946544222
1442569038
1145455693
1071502531
1433782958
1433211428
236755948
1428901309
90310011
944313128
275963234
1182722484
1292370319
258006255
1228593210
231705803
1423017548
1157934343
15096154
1324830560
1408683271
628430419
1395035678
621187895
177590419
1418875796
1417754671
516570334
829007982
1415356189
1395267618
1414026114
844336117
1009786454
1410884707
1409001955
574422955
703250070
1405401186
1408882518
590357416
851702450
1281406094
1042441980
455705925
432760099
300763690
1405161750
1403382835
1403187709
1353662198
485174079
1380922214
1401325256
1090270434
545385832
1117741448
1395894720
13334742
880480351
1394125171
1394075252
1393606254
315407777
1359506875
1391844654
46383578
1390364989
1007064782
296167168
1388232703
1387939448
419038294
1385223835
183804755
1385449116
606641767
119845473
61191375
969187068
485903657
246391263
298501495
1367848766
597398268
1271184530
717243122
425179950
156826317
1378111208
484634531
1374149400
126152248
1365419906
1376452123
1267415966
195384065
471174821
923154595
446167934
1372863854
359656998
61173690
202734779
28122553
1370301320
1369999832
1369929360
1355296280
1369459614
592619339
1366414105
338595752
482036051
721229610
1275559524
284525767
1006330507
1360408442
635188474
573014347
114016582
1357416331
604048863
253894969
1321265034
753168362
507939837
1239417242
1281524011
37049177
86576146
1352145774
445555872
1342193988
459335995
509231272
1063711886
1348359133
1319302526
1069068025
55227876
1341872342
1307430482
132685928
161429259
85572004
435961651
1262565218
1339818979
1339539834
1296813200
1265467128
268482637
340497715
1336173072
214376118
67573391
1326726787
952612238
370219314
346130737
1300042711
493783869
1320135799
193227076
1330020860
1329438512
1013894328
1286949895
206601023
1270492988
1327126844
399457662
305811985
1225776211
392577693
550993508
91129797
264171393
92172292
834460998
599418681
349330458
1320978566
338324720
340022477
1319912611
151262643
223256539
1296312571
1272611161
968907546
1316596590
1267942063
243693002
71016845
307447066
121550988
409531249
1311649490
1309337552
1008711397
1305827948
1311052202
627812803
566768384
1307483678
1307349344
255012892
889439306
58742307
1283215892
1302729283
722549149
122007223
475283290
1066064816
258368126
479340382
147346776
1056076945
1286513640
1291880054
1185858324
1289710430
1280299021
377719741
1229813719
425807881
914860759
162118616
1284075270
533393063
306437578
321269191
1282809998
255418226
569386071
1278094993
1272533851
376090083
405183437
1280002986
498660130
565363759
1249376150
20302424
278219700
888499196
577074512
192312233
627709732
1130888803
1273061160
1123319282
993072594
1264123956
1272336139
35862822
265291392
621031848
599993475
1270670148
217493480
1194871483
1256907794
1269178692
141587307
160645855
912407120
271688826
182819254
49412934
171024448
430147812
295282057
216925991
50842545
1267146846
117486431
336498936
7120282
157939530
1166827033
228690743
71253007
524240651
1228158206
559832861
102014907
1263354042
104876729
1262741166
584831528
572567407
403792626
20921275
1257481700
308678236
619421478
1126353054
261683094
312936407
1257824425
46611525
757545386
484345591
1255243885
1231300855
1017131196
349146046
744951272
604517029
263102186
813196670
365286733
1251792632
174311365
339489389
580061354
114184305
138803244
139661352
424311835
1190505482
999557989
1183520101
111570396
376244927
1244659746
287858486
431563982
1196883270
579148327
601207002
377283511
1169794608
1241470524
1240472774
572089403
1239496021
1239257035
860167950
711173852
1233750482
194030676
1072680895
94350798
503716022
517752649
428588901
32832837
442719242
370592270
65525159
155690612
1227497072
1184038981
860342246
1142227676
1224357367
461462444
1215647646
1157549438
97739404
202192583
1219839062
340450232
892013863
1053153847
572553367
536680167
1019367577
63066511
991064586
1211751410
573204414
88160837
478935461
271366792
417794662
72873261
529677253
1142557920
1198915674
549401607
466774549
1196565409
121443811
209472607
1183963902
19654438
1178701550
1187532684
83138331
1111451636
92227010
423417768
593623064
1182939330
1181895144
1179749952
131854207
979361274
838370946
181278686
1170568801
1170576907
1164144103
1166634804
389679647
1163692896
836082205
22512409
1156880011
1120385174
172891699
836191130
778414056
1131024162
856909651
1111925251
379855551
1028538666
17283243
435187669
1151636335
1151370121
439277352
322203670
560345124
109551955
1143122990
47075181
438775686
64996689
289462716
1139201382
1137820514
48480412
800578921
1136720683
1096394340
50817361
94555518
39071415
517854192
918801811
1119595111
1119824821
995125836
1129278980
364194864
289862059
477204116
377513087
78146925
843080952
326292632
1107604050
1124891060
1091171634
589738061
1098459084
984802435
282072968
781087
391244167
1038393314
119967384
39506218
763749002
609412846
840152856
1115007078
1114938402
1047594798
845487836
296206118
420524215
1110203556
1083938575
1107483986
588582332
1101283578
555805321
405438897
1102925796
476614647
1095550621
197973924
1066281312
1099014643
1101289376
137391912
523049879
122530830
236997180
962100589
350213384
341744403
115058711
404193009
1081826934
1087350462
1087249495
767086344
247542647
147069639
922801956
1042435658
286972772
917505432
143110124
48129653
787401884
129800013
321975202
142489727
403164432
318683011
981461006
23650903
26929652
520355651
1016261270
947966222
58946464
462143772
1069211826
389654230
257658224
1066987530
1066543386
928179109
1058994084
1062258427
1061153821
809618448
43869071
100063333
480370172
617391231
524865529
73863306
416285503
970730574
788399761
1052973325
807738103
543574155
141497982
97888982
950305165
1042635086
559217479
252089950
236072517
1015797348
1032416858
233214934
628677716
1045832558
231936240
1012379125
810918571
1020447030
1044047408
1042987459
50972233
119999387
1040216736
542471726
402625375
27936853
1038301531
84571992
1035437323
1035134252
1033786489
1030440913
36684721
358144428
359703263
1023902018
1026899390
928717854
622014009
870343159
735825127
70670650
235390671
891051888
1014197629
1004097572
475316540
557996184
220348989
494869576
19243413
414269326
363667161
462214894
851675137
92537660
92727267
494606396
204836588
707355499
426161168
147936198
590245499
224162532
1007413398
551336149
984787177
843246182
388491430
389137117
181125410
1001398501
594036198
263792876
975848599
541207211
941479111
547968159
105299227
224553130
490403022
110199687
351763652
986805181
458348042
992771562
827255508
989670626
988500828
952064473
23832945
573666646
595722858
359546745
985142107
908600892
409922044
56728024
537297653
236446560
29893160
376359837
35708962
964424593
329191546
574699580
415697004
960598206
967785548
30027095
292548539
119846902
791368014
234505545
717977120
330493466
957292837
898397456
955702873
461729132
623103881
955348081
940862515
801576672
488228790
474081355
921867150
951942312
920030760
950215453
917179182
130518385
793882874
496227674
944661379
944809128
933245594
498097241
96752649
942295495
309893188
612495189
430974102
939220724
620028813
353862050
612849124
207913361
636876734
876261181
374401396
930417103
183381846
870513619
260030172
74464968
926373685
133017216
921133596
549120539
38927342
330499259
309672022
562253563
878277198
215052759
456250112
421362824
59735681
632065911
904462860
468530021
901398103
488879102
506263076
417204794
899743820
115472899
171942958
896010576
893196025
119850939
342344015
318408856
129886394
432803980
889614198
833930708
333898674
885330919
887342786
565315807
236022411
857703158
881130398
234448614
860800680
91328040
872209350
493018859
478617217
866780593
855009020
813723631
864891421
476880890
572789131
348617381
255112928
613877839
862973149
827024084
141635179
831532950
242938551
84832300
212566076
581012720
854911177
854825827
829470296
38597229
854526367
441045147
807413622
452602969
84316489
49111641
829601604
472255630
852552486
851495618
850654704
535761640
351766346
131746348
829627704
551055982
844160400
311627513
839892006
451943262
489810397
299749328
582514261
840026942
743103546
804568320
597592966
533467934
775689450
130792107
836020250
133954185
241585026
529522052
831666775
91159822
826623494
834180804
736544419
197589522
255536766
576578520
397139267
775719494
422908566
73509041
729493477
28124498
129494196
823107174
468215016
569390258
572571923
270866769
488858063
63296742
353940723
203170813
818271763
468505683
812896446
590465991
357391905
811042278
581702984
600215221
810231578
155257434
485118804
406557057
129473394
802497595
509766194
287763217
414244027
588972811
556154402
745652485
270140037
336724771
560051145
390801980
304048336
779865086
408021585
553501860
152451315
785537851
43435767
413839736
378815292
577059008
771076922
123329306
634383485
225987396
21711202
74464635
21857316
602665383
477713566
778730383
309299472
776360958
735547482
729440935
493397038
420195624
292510154
185383738
573089615
256219186
534774802
610144199
315885342
762424591
762096458
70153565
759884221
556138889
580918987
55664632
754827338
431765420
61719796
751783363
151086012
304656643
483212069
751253940
354876240
126416920
385459169
234802495
399663496
299059793
550446278
63479047
467752547
189482316
47364274
744718640
497694530
726204912
731858114
51420736
580668269
700179518
598474758
580712095
732732242
724238292
730506668
730414837
730323949
112929036
723665186
470958395
524562801
497777820
717689096
293094676
608602205
417239630
715130690
715138171
572675024
271423557
425055658
108051312
615004085
711317335
618598553
473928281
709878924
582590918
704598092
340368965
567530588
701310397
284432268
706883809
617463056
700841640
219632797
55829540
184950292
590369367
701882184
571164506
551276596
104104663
30587228
635611971
295274044
568244369
634569092
85776913
389719367
130139607
632276305
631994254
550462871
577503737
631697327
631409336
601184491
619437575
616759298
51206714
629395225
630201081
188656379
629764840
409098195
629441227
86055294
628475007
192316292
627429059
591391719
626185154
188727115
158882268
74457668
624809152
624692655
622656647
119866276
521318766
225468306
623575631
622987156
456075368
622708547
420660524
622953031
480448681
537526516
620875990
187948800
571088703
103283088
619927720
568648153
619734244
569432046
86930058
249528817
359922957
126956957
351496518
535297197
616069107
79461819
47322464
236123139
614350909
515376578
213058939
171945600
456110898
612879331
612562669
612151278
498351912
486477290
30008345
611224176
610151968
610953989
348363239
414125786
487213750
606288862
412494764
610606941
610043486
609530547
362461142
596758863
21750350
21769221
608098891
376237195
282727328
316643652
398318645
573574683
268930194
606266910
238992702
605196562
604812526
604776596
604742892
339669985
184762878
510458392
316610499
405065339
382179696
496316373
313220780
86735803
601640018
601455682
425785612
600888020
296781378
599927033
599425934
598639469
353660431
411776397
444471272
493036142
525807720
61211496
597466343
134292771
377858118
583731588
256176848
581216431
593836557
593714599
413852829
578795980
593159318
593109811
402941892
92581591
592842339
592820129
592909794
230269754
113881211
592499882
587460890
386093016
591631553
57648606
545109668
589297102
452406549
21080408
581311146
300522239
514356910
569189795
41882607
586109929
538032259
252072806
586040490
450055655
585874803
464734824
73186864
581381720
166053085
300450888
580160791
35501166
575162105
584139084
575652309
580776360
527711622
571544888
301967813
557775706
83096325
581421693
19107908
460614017
96332202
208290434
341722992
578915114
567420374
418770229
409541107
577302268
577285829
471182250
267342523
576412181
309222202
539395056
198264049
252195127
416133689
557756683
572777145
85731790
575388891
560595806
575241153
573026348
471504637
574443711
574750920
569515198
572927492
151425825
145697181
55235358
521189212
119203295
50291105
107487135
572977123
572937396
572936247
572532607
468814632
379851821
305766067
19015401
568127014
548433457
49617141
556173069
269401985
560880598
99302760
552194528
229511892
565610986
569387035
363759439
221483468
396016118
469577446
211934119
542381693
556418221
39276758
567928340
402539943
567351220
110430865
381993143
520242531
513254057
561361682
560377088
412486514
153858264
562819065
396307576
441806683
564444447
252023964
120773305
104457497
560583946
297895636
362998166
440197394
562902294
210859405
18377185
562433189
173395055
488637148
561905090
184849811
561291470
352346419
447301938
64242961
331260053
42688106
560415017
560325883
559506787
559887109
557766879
550756519
107102091
483806836
559048209
550993520
443037921
550893809
227590938
556222695
525749812
60610394
131272563
277111440
476308420
556242003
358798643
33272456
555924004
184751414
555535073
147675183
555310885
431850488
304909008
555008251
397529130
433345807
554800236
107732590
235653163
48927087
449693022
380929619
300296261
349083723
364795460
383633545
553932219
121509867
396191509
553721647
520050354
553523850
119851297
507714863
187645092
386636994
539930328
551730082
518041170
369560894
547794475
111106656
448758586
367035065
217442000
420517937
351547859
135223641
332432022
299092852
202160075
429312305
213311085
389266293
549183560
549462891
500765231
376721628
548849183
488819712
257049504
518646656
73373358
516518073
544418756
196258291
546159711
544083695
349072161
544541437
55544047
227483321
133453655
91216551
508549349
394645516
222450010
314996300
442264246
60343999
404948970
341742232
459537827
96007278
456013465
361141842
420344407
531653505
541642033
124613805
525335438
462277116
368561294
540312731
215243899
62508798
17687734
539881651
539498601
130919852
348482607
373372610
183263288
340494687
422713343
537190822
473803880
536735491
528635098
535653059
536521190
495395405
436752951
489046771
535723159
528583744
374595879
424383600
512115520
160546567
299550965
54173633
305516005
533338233
529718761
231152164
532547447
419131365
320703271
424233355
193402644
532007131
511237063
521698957
531625029
456446567
39238654
531184640
369381790
526793496
67142011
437805315
183175968
356570087
514748909
395930971
523867343
517796537
527525035
54503812
223538809
526967614
517436351
526793812
137400374
526218136
444877353
205304788
473897841
314848750
446368989
524798275
520374730
326851749
286383963
89275418
275049908
511054998
516439279
305269899
522584213
522381573
144308276
522398117
49611752
522233300
520875633
88687797
385724828
442852350
112302093
521784761
507617925
367479656
494334148
521620467
220288073
206234658
41241237
161307169
520791865
107976847
351939730
55058111
311056642
85933577
511741177
494212933
384183914
494415511
481336780
500155565
488872907
518341034
518366741
517524704
518302774
63138150
517771459
434432493
517435611
490508515
475386841
149989083
184452577
265863124
19910695
435223007
473290852
506275696
391064571
467635971
513706997
356232522
73879552
382858606
179612108
447374901
512375531
189942204
498717264
267684808
189326312
121481041
39289901
128500531
492154603
386681713
190591764
510912199
266278743
472028120
164154668
308222749
509123025
129467704
508986174
508652271
507395499
36095210
469297430
218145616
190694234
96245367
506602404
306983302
393750925
506301079
354575223
78054611
482405588
188188484
469189646
505820334
241262586
193801496
467199735
116143357
488772004
53178752
88612769
322298121
488874724
44115605
317797051
502071148
301105228
499770000
465680794
122145505
501313691
501296465
411380336
66092697
115466762
501055724
482478764
262158999
500748684
148609730
227318356
483222538
499068629
211639443
120024712
241123445
498616788
312191254
144112057
140540225
104467983
129600603
312715919
231379703
498180922
420356423
153589293
29024700
498038352
423362812
497820779
497733413
386526941
299880925
120128611
496229024
496728723
394252816
443775669
326094626
486975394
489613341
496005830
455613364
491531765
495138027
335344777
402800747
488561983
134243055
494466296
469682387
314485208
255737213
480762938
493925367
442841294
493592808
14744692
492943498
286220722
126661911
380853905
93595047
424882433
309522015
316431285
487618699
491611693
256051869
69660620
332155163
197911231
6256312
490578703
491202827
56708681
485482913
60174879
313565060
490777837
387149179
490558332
490530078
490289494
490020285
408076496
290511323
210937755
488860365
23858716
384807723
388192163
487437596
213772933
287279226
483934471
470356339
386119407
402760539
487130241
486979811
193753927
486478359
19505200
332941608
486529073
121756664
51117984
379291858
192345646
469581889
484864203
484087041
53665213
126728217
71783170
479530630
321878226
367877129
45121685
481956639
245861819
452907485
472593171
481832248
292269782
482074519
481918983
481633048
452490549
480608650
481317013
450784437
481201653
25978282
480727000
249752397
20013876
479495011
480535798
231783685
480504095
471049040
477774382
480218544
360812957
472754313
126637579
478380551
467764960
472285210
302170289
467596371
478658127
396518929
392015914
290981561
389129828
473217986
477258716
355255389
475310772
337162745
429294738
210996066
178253189
312593308
307929540
372516634
63052586
463159841
460766649
437582757
219429495
115942020
475172333
34700548
234519996
151860794
474233046
101871542
86434163
360500085
473913251
289014573
394007850
445353547
471798525
473071010
291636081
468719846
472156870
309841422
455401205
471492747
470954367
471329882
29570217
225194477
471176824
413061927
259876386
451734421
394271440
304964816
233636806
469644024
465363241
451685893
461311924
469229329
468382499
414883665
468810549
111554332
75781956
302202177
416494424
437434099
430743982
313285510
166673674
366071252
326698989
351848002
107854749
39785447
457721571
117191869
447894506
124733622
355798045
467689148
291916523
139403550
193852084
375093062
397973654
450536203
395780779
112817676
176495348
404829896
259645757
220694338
448247578
337893641
457270559
361442848
274685695
72434728
58370923
106731650
84267102
91122810
134446035
46351748
156443070
114556206
375426019
114871980
43500120
51432563
339928835
260954689
280604703
464510450
320377654
428931677
34998382
388540249
276699574
172729223
246701903
59062013
466340343
113376302
120184413
460283478
90946998
295873550
98449285
457857957
18608993
224637030
244536431
113118222
457551214
82586171
82960565
227042786
333032927
280666647
46694438
428497129
223203761
142563394
452286958
9330822
361520931
428273661
39129440
220731344
157894394
114512948
85870239
248857987
163781737
438693779
18900566
463872878
461132671
379734205
68056784
148863016
246746047
194056340
124143914
258724704
426649202
428590022
464970845
48133998
464562936
462111185
354176044
461033503
16029554
463420941
463311285
462188130
463202879
463193287
107007292
460991020
414108471
458515312
454870473
147918517
459990881
396149172
34295327
220762886
438690398
458451292
458532963
435151502
457473091
387128799
423868913
259400018
130203945
447102251
190463489
455860068
454157249
327648311
181511542
347402750
258983015
31634906
248876352
321043976
238184210
451014013
228773051
453235049
342985522
410149816
440239738
323712083
211303724
402565752
200306722
450893551
424564740
322233668
361190815
437855070
142791046
357830462
25181502
447392071
414768435
447186799
242818304
442539596
444554944
444920859
51397118
444013041
443969663
443516360
108273852
442718335
416143316
263732712
441907369
94017325
146109929
108061608
400200481
373572711
60170361
25821845
437418857
38130444
436676767
266777272
49372018
435804041
269818244
105262614
430605065
435260377
189021111
116837874
357246466
173609831
434330876
262582701
433344444
333482325
210955727
401296246
431900546
431554550
430955910
374837324
335373665
92042958
336729204
392712613
387869869
153811464
18708588
419084828
377460476
428162649
427595895
427399602
404855085
170250351
426047886
205418672
121464440
267940148
339798189
121980330
122018368
383962473
424938339
424906974
370073476
403644895
372743424
344725486
423418060
422914544
417307565
422760087
419931224
299881361
45693876
299216543
403488054
66312511
296794008
419275663
418933061
285231221
313852415
60855085
206176398
98223781
57337016
415374682
92134876
414286401
397888493
399855892
376829391
362609341
410711960
410546916
406532798
366012617
214142992
377266254
269391972
407801027
407973329
381185571
86367938
406912828
366591945
406419295
241947523
160939555
45836677
13202302
401655053
201380262
401925537
403924209
332510659
91827802
203042078
403376889
295384963
108257287
402905540
113684978
342940515
384535041
378141809
380778180
400997515
387941182
399607464
399681159
400038549
131997532
398642028
396519776
210433824
29541163
266025079
114502670
336380209
296146475
201604379
99151888
397560719
45525576
214437464
239022957
395869691
347144611
16423186
393970679
393780558
260900836
392867452
390641244
391032616
392675028
391310048
382888794
391646826
296459214
341625606
49440671
375010011
58196479
259662390
27435825
358893181
389037997
44850402
388893907
340046651
171237469
21749024
387680274
33895546
95715329
56212175
195827314
190237570
325655616
224256666
380034875
243180078
333975645
152015262
329308249
85379813
20689729
26445181
250776200
381013376
112336620
380672034
244043083
119883593
380170343
124768257
304660787
334759248
301550283
54187154
20980278
358048852
340444251
151081013
303812392
119149363
373454744
373520999
207188080
166919522
131817311
259207849
327851864
325097340
120868388
309630065
210189946
68469036
79588026
14662829
55655593
288337653
309499990
357085592
224182538
317108500
349840779
253734873
175497034
373542601
209307261
170827154
373477211
372832326
373241345
106665567
107007004
159475881
37908927
62244706
148148545
212690203
121133509
156197978
194127176
160270628
138727582
329246396
328958512
33969724
372246744
370117441
309218775
207918323
39585239
365454901
264856221
366883951
364603717
349018679
366780251
206987380
53775989
345496501
23102336
90597962
122984745
132953691
363752726
363725889
344569073
345365215
44583152
72546691
348361159
353045887
169466028
354974898
80324961
281205394
190598832
62495657
226757169
356263357
355953933
354823813
352249851
355056031
332404960
354190015
98096287
110139535
303296302
331173259
352375148
266081652
349033055
348962492
244355316
348790404
347741622
346850530
346769257
212554369
39260259
344879961
345446754
229136195
288797968
103367510
341581282
17615295
318534434
40683531
22152185
114306039
158521119
342871827
56343825
15970117
334611798
216144795
251092359
342062866
265086524
340884219
164015481
14963189
336441222
303330508
338377230
280436577
337936330
135101622
232369831
62795226
335858081
12369372
261411996
135293869
334297846
119874147
323526046
333895565
333590077
330941263
192835936
332798259
256260293
328204349
117012342
73695405
89754855
106160691
326823606
130564918
184184475
302227317
147634180
80081414
36769722
323101873
246527103
25783319
150911029
24683083
71236615
301867328
27948757
216629929
318628473
206092236
319172477
112186173
318386213
315959585
315141086
314160820
56618115
80119556
315500909
213259842
279880813
178201628
131254634
290744650
45227230
62888004
305765712
125158072
38453652
312905851
32926673
261889420
167918634
310410577
144972130
256731111
309596868
181698945
280928360
100011798
19907698
231581978
263905178
134204154
288812037
296356565
185752294
151050184
295845125
69676986
306978590
304616033
306178648
306728704
294130753
135862295
304877352
251225487
62790419
248105051
304952794
184061531
68694585
222854234
37294367
110266624
19150307
297677962
37652424
302677616
302304164
300448164
293125820
50993690
299729082
301030060
300974185
300722199
262702154
300430478
186368416
264270999
299885590
299545481
295299973
68490703
286403465
298266134
294529856
158048045
296874060
215616782
231512589
47206606
10572732
53135795
164633865
158675873
127635459
199217118
119872988
294094734
274020959
78708056
126039936
242408584
293147543
192396743
278134805
288954090
287631264
264172610
107043040
22157788
285080942
246990552
211845114
36938687
231023367
106155319
30949753
9245222
124191872
157750761
273950316
64082742
284216927
249657324
220907597
102228365
277021889
282995422
282135390
279655962
87359925
261470165
37390578
82068617
265538653
277656975
272447914
106707332
276151331
22544769
182110334
239084314
44094651
128642352
211136277
273564317
273081945
79796002
269976218
30728929
17445270
68263736
15269984
127296546
16468824
240237861
23766266
270916019
193839120
252648356
269240420
268514056
118698733
257365692
214883264
234803606
247760865
42018454
63295276
260945478
191567143
211247788
217250152
145191366
225795486
255036659
85316550
240336468
223428651
209579402
255954449
239881914
138288636
254633681
252075005
252599350
184770810
56969350
194259427
241642244
249251848
247216643
243647667
200264736
222593655
156300998
242593545
89411776
125632346
191628776
90511934
96973069
225919216
235102456
233253157
16400671
226777198
125942969
222266108
227461096
28771482
223897058
221507255
21746427
209528131
215415906
98833555
188231469
84670477
97461830
128431104
125908831
212499579
213395869
211592260
192936694
111950228
201016794
35184395
129601868
68147125
46873108
19444833
42245182
81221767
68986358
22851210
187264304
184391122
46429177
152625153
139986343
22821189
166787121
105203001
41190011
166773653
47368922
159172710
68465694
