380279968
3018741090
1519542620
2958436803
2947641815
1628813960
2921192531
781032223
2889303701
2804110508
2877506014
2519985456
2880620246
2869660933
2875228002
532957455
2751503945
1660858634
2595854937
2784559712
2751617687
2735612066
2735550872
2707805090
2491559805
1433909444
1058414923
596078836
910350217
1707700358
2471593411
2519626883
2455086829
2471937640
2444384964
2436655152
2420870792
715839404
1219763838
2411683153
1242207636
2405341302
2339079597
449084594
2326116732
1364801352
1057759062
246874364
2283012187
1150027502
725177568
2236833278
2166795650
2229780516
2195604315
2192664765
1037510360
588571493
2199632052
2169120859
1381436694
1639065716
445876474
248835189
1947617473
1937881549
328153138
1917495092
1915714640
1912383896
406382383
1886657173
1873122674
1866801404
73288530
1858026272
1526347904
496610708
10453492
1633935272
1262876090
592171485
1596972506
1596142542
600127357
1325240504
406816432
1523082979
111199957
55213763
408536170
1464789576
515611550
1387528321
738844830
1364518267
1053769740
412149457
543394570
1322558346
228386501
908996827
350491834
570367146
1203226476
726630853
453849853
1129972904
1112924449
139698748
1044661506
1025151698
1025142258
1023913038
956001108
864958262
143023134
273016324
417311038
918970182
765736177
618463054
886239157
571605742
425022246
481373462
164727116
807739399
756676572
778858034
709086084
736871700
598474758
72263426
715360543
225785414
719924431
532396394
589885718
618321841
704580127
636931186
629425516
636454684
634706739
327096343
625899398
612165490
565189124
93921138
470017985
156300998
68614275
621246818
568648153
588997803
588976431
569395070
575419722
542546826
571064957
562457569
555838417
533398588
451649860
245437050
556516965
194632161
554456159
551180824
550156479
546846208
448813192
545869510
545827963
543280809
533412095
138358407
94017325
517785506
516687239
396819743
337131969
510849991
510267284
413282507
503615137
494313597
456591958
486411862
127068678
489333628
487450113
377626268
480436854
112281718
468719846
474254264
470356658
167020193
461519911
460501621
280550092
120434304
451906278
450680575
437805964
433050149
434157268
432452222
432827699
408856837
430135891
154943482
397888493
416812121
414971550
341625606
397448496
342940515
55149732
51072564
345688219
329970952
175497034
265965148
74141686
333482325
346011185
