279206083
2434204576
2970073409
2992534815
50021748
3033014267
62465540
569653824
3025435821
3029100827
1134571999
51531341
1291106593
2666063084
457171960
476414772
156378250
2955792586
2587049468
3015388696
2391516920
2514402399
104873577
3015657622
377407811
403946759
18857788
393278451
2580968285
1432603884
734860800
2849803817
2867072195
339722814
3010347633
2953823956
3010025356
1456482421
1692695557
3003977906
2990065785
234519996
1449732254
3000057780
1409877102
3002897105
2765657729
2820869602
1865619469
2247576599
1629706670
366948734
413340444
2996981571
424882433
304621352
165011407
1699168722
2921424952
867043196
2976452765
391052129
2151687522
2982639887
132695567
398327721
1449877508
2961871361
2763801411
2984779897
103415388
170126952
2719211809
607813068
2892789837
74196313
2960605809
608097097
2787822837
2975914060
2970155962
100017435
1260738128
1114761386
547075343
1550947778
2973423993
2966975501
853038170
1907993119
2970274186
1635826950
2970527446
2812515026
2768567651
2183696135
2184717602
2967782405
2853436337
1931249978
1521631892
2966354571
407794005
2770217949
1713753012
2264195513
331957254
517162472
51231584
1109403846
2640814578
2945683354
81668896
2956197211
2949293375
2950564546
2323985827
2570712549
555071387
801096050
2941760025
2939634610
2771408122
585862559
888568968
576727290
634428449
2800471192
1735796737
2931166780
1018277749
627546826
2197491091
2813803160
1535980633
588645334
301969552
313574643
226931197
550292338
388427385
2930450757
2367645667
2551154630
92616255
2364012060
119073171
2930331747
1186800488
818066138
610919005
2484617268
2787811895
2828980119
2929151524
2303738517
455993675
54171488
2808500441
2905648425
221893966
2928137818
299313515
1558181551
2922041235
2433911586
2583801078
2203755242
2923148025
404493026
1311749816
2909929277
1102086349
1931875760
2921828044
1196992692
187341197
114805531
28138748
1212433818
2709340748
2904330687
1463378798
1553555641
1677926862
2895867844
2922050113
2908230285
2906206936
509348196
414802284
2881426775
2884656327
304476426
2304822344
480207799
2904182088
2167609024
2707949497
625488451
2887528936
883063873
84441245
2203581216
2487595574
2902764406
253200563
1255663711
422963664
2821244121
92864895
2831622137
1073809022
1268077362
880367694
615771707
291570997
2899012259
485785567
1527198672
210172206
2893123858
2896429755
2748295462
383293536
503256576
2814876685
456146730
1650316022
863627352
1475856619
2388826485
372538761
2614562705
441684400
2889421457
568513100
1337062920
987371958
2888271875
2806170821
2678161924
832379226
811419841
2866305112
534779870
1618242438
2804843892
2878263149
2867665311
2269423530
2874776212
1284337976
2277629605
1148149238
2875428447
2787935768
2375191622
1938902023
937828094
2668752923
2607159047
77261259
2719144750
304521953
2208375019
1318863084
413836565
30854734
2862930646
2198381349
2605755474
2659286107
83079308
2869568628
2807742662
2785803691
389581696
2855707420
1152256039
2793711503
2760769473
2827584341
2842730181
303648673
1717900309
2840032738
2848186955
2813409496
2601742868
25887438
2829502036
536678868
2871594222
558509297
138043980
2560235563
1516980163
2419239020
390785797
331402259
1364240766
737370157
129430896
2872086996
171685972
2708811327
2673491542
184343390
299737220
2767512764
2364071076
2799186723
2832580259
2808421863
958977235
386464457
384019164
2778950098
2452854791
2815384424
1013900767
336462212
350121404
308045075
2155632724
1450945568
160492717
1480689342
1898729275
276015767
2815709711
303658974
2810085574
2771132095
556376922
51559382
286916270
2809350227
2672756199
1552914108
1013798648
2801899961
550109471
1736631026
1622439230
2529883232
2592940650
2775389674
2797443694
2382634861
2778550421
2794330545
96955404
378264679
242816803
405861913
74550771
604408334
297118668
778457106
2784692325
2324009608
1323158467
2783610929
2723501858
2781857499
389979994
2708018227
2826262765
2779043530
120042693
2778144927
2606023320
247383677
2188586489
2777520119
1006012039
2361785459
34767461
326315928
274559402
2775024363
1219393506
281243798
604600491
2773970986
1745138161
2817878798
53775989
332246740
2815782709
2401213944
522441150
544450965
2813821777
1140548660
44891533
342430273
2810263712
370364603
1372784371
2719976764
2788666321
1874560386
840274050
499947295
1519826094
1129818061
2805749880
2805380995
2356165177
390238096
1923354776
440918019
2593629348
274000833
2328926890
2765166743
620066129
302063588
306111915
2695902949
390826191
2260222803
705749408
1924082810
1846632450
2610912245
855224149
1465472490
2566822635
443025948
2598719616
552979732
2649654686
2782329458
2757326020
2756382387
2779268760
2204029835
288546540
1399872139
921463645
2772024518
2174376373
2769766098
2751611638
2769426794
2768385199
304836411
2705619808
2743711811
50645067
2504524568
974634822
282947416
2722863093
2747735808
1548837534
1583254392
1927100538
520837811
2657974047
484598897
2732293837
573124335
1441617234
2743833071
271539856
2267559050
2479659237
486869547
563641478
190694234
79428084
2568293516
422498663
2733514967
1256711424
2296840784
2733687069
2717330508
1270047620
2692374843
2730927981
1901914135
98434730
120876466
453495484
335416630
2732323924
2732811455
2433798040
2730158441
311968960
143129259
299800072
2728744203
78121366
2690057558
2728419976
1296678919
615669266
437800918
2687733492
2727354628
2571230275
1665061717
749401656
2723323529
146325112
2721684184
1099778648
101263964
2714250226
446503333
2446205546
1324418785
2717981165
905488062
868440888
2715557435
2715151510
2649531313
2248672881
755455741
2465479228
2258246849
2265047805
2640817207
2707425911
426918535
2680193278
2466268466
2581856341
202912733
2592091921
2629894388
488109270
2701968909
2696877779
217121464
2692236436
2692407172
476275561
2601125940
153447380
928342410
2609515477
2161841285
2684519482
573294345
369399465
2680273714
54179255
2604710219
1107228204
2288906585
1971609913
2576333862
497173764
2339425764
2599576368
2595346680
246712212
482238526
2636178280
71192392
2592744038
2634678717
2653705636
286371571
328633565
2647471612
2590778468
2631940210
42672462
2621429345
2506844361
2534362126
2571220885
1415342520
2619725769
1735988940
856847419
1893396235
114418111
2565212581
2583010173
562283412
513579002
1886526032
1112372544
1465014032
2512456776
2557577726
219250495
2300178008
337630276
346071127
2427157883
2221575978
988064102
42715307
290539435
2522365843
2393706515
353858905
2441672383
107519490
2557383977
1168709768
2365407881
276542859
1098661698
2559255124
2525787038
1064138532
2345472402
872474534
536593832
332389027
2239244803
474452569
225925001
1193726234
2363977458
368607053
2509567093
2451822362
151460113
2420472178
633218903
227546904
1898049181
1085685482
2500630344
280450336
2171073928
363657809
2264799026
840418951
126999541
2536231563
2273446335
1319238480
1146406609
269767840
2535030790
1181831826
2412566510
461235676
2481466214
757731458
2479609514
1064416230
585852971
937138466
272493517
2527978007
1175039629
285023000
2521435163
1704107916
2474649482
2464974883
1893770209
815980260
78855516
2469729163
2469604994
1583559212
1583516966
2397817912
2462364217
2467660442
2448458827
1317956510
869702485
2362831755
1272330037
1917374480
2463735780
2462976578
2401864574
607440968
544323966
300027158
2222177376
392792239
2371106126
211246040
49011310
476483814
2447354760
1438336836
2187113185
2456515286
2497498540
2243686861
153185302
2494977821
983557094
818457680
2443796702
2491783733
2462385460
2205344726
501587431
1089632258
2429208224
709724806
501115814
197937597
266083160
84775736
1267951286
2427503994
280912728
139498829
2274030360
2441343540
2471991382
414362420
298132347
491658112
2262541294
51413325
2448411724
2468205093
2434299247
2147778987
2258745358
1426528604
755208420
927754914
251652400
1823290945
820668763
2418335836
2457916733
183692750
20847690
1378213476
1371899756
2420634283
480909692
2269646960
2380046151
2451344937
329055606
2215578826
1876617320
2273635538
69838097
2415641497
407235348
715843633
2427043721
1057732134
1846863290
850960988
2408150983
111437252
2182775054
2394618554
632241537
2429942345
2427870562
2404561644
2345548578
2428547037
904447166
360848956
2186678563
2379869537
1361878758
922578452
780287965
84275097
2398563110
2422805505
2420129644
564584514
1690673600
718075344
2173868852
240914281
1619839298
278528034
2210250013
2250110374
2386186145
220722223
1077024932
2406196241
2404692550
369124854
1868480004
2397632981
493508878
573615714
1004839358
455591282
222534851
2256601298
2354638177
1595911813
904456789
426115253
2401690845
321160730
2168637268
2370834088
119687225
23591792
356916968
2380346676
1138611008
2371656887
495200804
2376029828
2345741276
1683700772
1949346774
2385968099
443653427
2370853861
1169890525
2264876736
787660254
2375651956
127239327
1705972020
217914918
1704329960
368341791
818115619
999991159
2335360880
1275571249
113291154
383404057
389405193
2360815783
2363902648
2290597690
161378599
40489529
288162104
2358204067
1698687096
2356981980
113004722
2343424412
1258789303
532462367
1172250110
2343887529
2233057418
65622244
812762569
2349200198
133084807
2227275222
2348353639
492367790
1122165402
2346691359
2250544432
2342578537
309295402
476755555
2344133057
629387937
2233659831
628249028
757396068
2316868918
259360780
1890629666
1658579874
1171304798
2340527093
2184734119
412414868
2319013305
2335985337
2336919501
2181129214
2336243297
2308897519
2336203945
1425405158
2314489591
2331916875
718619877
502346329
167449541
2327775788
2328505979
233346654
714497596
2324790574
443271919
2293316921
2327088883
581383198
2323138689
2323279715
629713934
833459336
972455653
424259611
1349026694
142044759
2307380032
367756664
225585196
257567682
106235913
945462571
857750256
105751987
469679870
2263660730
753328052
2282683290
403338768
2308138779
2313951164
886000045
994657453
896155650
72251250
400661825
2305577037
2310675012
372263191
635518711
2308681699
1577623063
770988337
2268873059
2181794238
1931568666
1010004517
1423834375
986369858
1849551230
1858716859
89725706
304416275
50196896
1229848152
1546419067
2286760786
2283012187
627683263
703026567
602048027
807661309
259944990
293465245
163207485
328542360
2290213262
2279265897
56721838
1072357020
214555454
1022952966
2277464476
2205192569
2153531031
1211229546
1601616487
1675758056
524501500
2283653612
1971007830
1399783153
276718570
2155670940
1076273792
1346192833
958642616
2247916184
629545602
2166596225
468715342
38883448
2276967698
324621911
2175867826
805130779
1342306855
604373004
1202400068
64951051
2256788308
182859976
217183375
1270448876
1265957898
2254072245
629274766
2246579710
2169397067
394055759
304618701
428588901
238302769
133050877
1852282214
2245931045
112817232
2234533950
1282961790
2245480589
90228603
351766346
2177050850
404881301
1347424867
2244529677
2238954927
2208993269
878302249
2189854799
722946289
2258851488
2239726948
263893276
2238562618
790290529
82664883
2256846830
2256777546
1307206844
342920750
1055860772
1685463438
1386849967
2253926610
405474439
612999618
725440956
352222927
1577663131
2205924896
2250976902
2250973087
626845456
2247481098
740345900
612789936
339055645
2247783121
2225892329
1593701162
2244096164
354837678
1710901386
476274394
838439036
2224543923
155358129
363915468
2244203606
823300848
507459369
2243473315
412771495
2220303496
2221083227
1331387539
2190254132
377719741
1057531711
2241137652
836059950
352925217
1939123717
1352234708
2217566200
223254974
2206024506
445503671
932282576
2237608651
1436792323
1722238758
532127307
2236096748
94627187
2212777431
93519397
610700140
2160170322
269772557
1721638561
1881127111
159098216
154893919
632315671
526410886
1635987283
476629129
2149423468
239263189
1498030429
1270425295
1963379551
1335073398
2177265317
77865137
2220504817
2188513236
2201676482
395199137
1549122559
1410339452
2196271774
1913775128
1517191326
199413761
2194252629
2214568668
514981628
2157589579
2214430663
2194917209
745716662
997005360
2168129103
237740719
1281480030
37639257
2211149112
1574413850
2201693389
2192057368
937335751
1657927710
396309117
220320576
713103404
2207613302
2160731250
583726466
394738497
740176105
1208989884
316291786
2199846661
2203583239
1125153649
502698628
2186010622
2186893635
2149497876
1649956681
1918174320
2185288330
477616328
870309158
362757845
466782144
2183184976
2195909047
1657490268
590038877
780430644
1529234820
1405753538
1723075993
2181107770
469160397
2193827606
1267878138
1156904694
561309770
2171511995
594295550
2153086641
2178643301
567665556
626278386
2177315950
1349029800
985180902
1439343288
2176897810
1015190479
1671325430
2172343445
2151067877
2175512897
2175668547
459131794
1865312898
2185332740
2174648140
2174969907
1293312936
508834173
449910432
2170916070
1551816030
955163448
2180913270
1528500176
2167200464
1340844271
2156947652
1194511838
2170999139
173774705
622731271
627908372
96676938
2171200316
47924851
351934089
427397827
2173486740
69609862
1660167708
1094436564
2165209757
1414996170
764807498
1310876976
789870990
1437884024
944194284
1932350113
2164089299
1857803983
958561903
118953460
2149934944
113142369
287892269
1891543069
1613816894
1881129486
234343246
2163842132
572431529
193805741
540096652
1398316196
590758385
2157921040
111159465
1009816614
792369464
1848847992
420187156
2149440250
1537548284
2155530914
391509072
791800530
245446326
628677716
781003460
1379037919
2153912880
586321477
18504998
122686543
2153438754
144627133
298141737
1222652210
546780938
1859576958
717424504
2152591129
630422195
1972145202
1385112546
1382924874
704065199
1153880876
1974967832
1977170388
1872946382
92400654
1940931787
613765692
1448417246
1674019536
619885090
218483666
1952010852
750475950
1974999943
1727822606
1385010732
479536030
338001721
458614106
155020625
101196589
1685500813
382697888
144314226
1103355300
1731847357
212728935
531275712
397160667
1675074619
574369126
622595920
1157070918
1576076292
426808959
585610131
1022956471
1965342524
1949920790
1658468353
571580706
28572276
1249534747
1287699774
845906754
1461749287
1903492850
554547611
1381937773
1611314984
716409725
1068600661
1115079768
623761857
556162658
1960392408
867599274
533393424
1269220742
810866683
568627197
1916573316
806858665
711716181
1709502199
1945012195
133626031
119875996
504452443
300875974
1855017326
1082802577
1953512814
386416271
1656847826
1952657154
1183468620
1371215965
1732441855
350557908
140165993
567437803
1946549012
429391974
224796649
1947711576
710752969
1119862970
276937687
1704319662
64216237
1946370091
1213736196
356451899
635006284
1854303126
1943568248
324972212
171364189
972325615
931776205
1161179480
633414357
1940754264
1215925999
1938162913
853747962
1100971777
398023082
85060032
374424454
959519222
1644177463
1468097509
1930873092
116862447
290228700
746980010
1922208222
1180234285
398950849
11516012
1653788076
379442533
1913626028
1630002164
343702712
793788241
1359975050
312945299
61735620
419796723
214895045
433745283
206363251
80424624
186907574
1600914193
1908481640
1905492134
1856491022
1499562504
582853584
1851771906
363796956
1897755990
565000128
974323938
1897241185
580697662
1670169727
1893913296
1893163890
1892385349
214441727
590016801
1867710500
1449524694
1115055504
778227986
1875489450
511826153
711690350
330749187
61158230
257228829
1882374026
1882246182
789502585
1700287436
815255456
1876925942
258303846
251539179
544417118
66193072
1173013550
583604707
1674202178
1872843650
1304380424
1869477085
372167551
554385909
871429392
557890526
1864008624
243649785
1581849018
1862971232
1858352953
1722618037
88083453
1855577516
342787596
1710447480
1611160310
129949170
816981888
1732526634
382763375
329363141
1845551078
1734403602
1628518062
1371780626
595054361
1345402890
1775653243
1497416778
1165768316
79624256
1757121462
1670037091
272973980
1702362674
1361204521
521288887
1308592604
1134909607
298666023
1731108810
478702537
278295964
1724864029
1710359377
1710560659
1663192014
977918390
391277139
271633186
1631589391
1610454852
233749940
807959172
1370911394
905493391
159019379
1710368562
1708627052
616519026
1052465881
1708108548
34060079
1136803501
1704658225
1699631239
225634600
1691131496
1658780731
1598387714
1691001074
1180211414
304735920
1699498838
1695542444
88724011
255658709
1407990667
1697627815
1610589276
801961766
119091623
1693468764
255213128
1583485430
591085614
531557452
1069343311
574008322
1355376506
1683378806
295707309
369369555
979102062
1613475906
258962111
549362464
1684190569
1525731956
1669684363
385972262
596538925
628608019
1092936607
808846579
1281372871
79573793
205440165
1676009016
863496372
406163356
817761030
819798229
94112343
513333664
178737293
326391337
607601476
130472013
989337072
1670056452
1664629566
350041552
1666121990
1416662136
1659922686
491768552
1662793538
70970059
1180246284
617788549
1188808028
1654671391
251846223
1449398311
570351373
1588795454
1656781998
1656603536
1102090094
1176456853
1398259680
173777281
1138184311
59175457
1652872862
883407090
1652434194
1644053179
1650927067
136255188
334813922
1648601922
120272868
1645568514
1644914318
1449881827
1273807651
823018962
564791010
1403340408
373732515
1636682742
1390508918
295403280
207483685
367827815
1262876090
1477006976
1633859701
235666157
25134430
1630671668
596039109
141913059
1420170247
532767438
1320549961
1110248306
1626724165
614289678
1536278617
1626261806
1219408447
1481202374
1624068762
1623996374
18616914
178166401
84655144
1213321723
1530511572
1555568286
1615361526
1104443694
1560539346
526736356
1613193768
1613643684
459977856
1605819878
1612030009
629222887
467665165
849396666
73238444
782240384
1608042649
192948219
360223567
1608116798
1210244180
1604663318
600415359
401568610
476191067
1271711862
1365716755
1570914961
1510581396
575708317
1476942584
1603898820
21993287
257412811
1600765274
40759776
1601790212
393021007
1601658818
1255729183
595542523
1600824590
406528089
444631594
1528878632
1595788592
1284600985
955500548
563777638
1095926162
1576589191
210583502
1559992921
867703332
99360473
260774629
1588281330
800725770
97986488
1586304564
277631953
466702589
1394014256
943925478
1537120320
149070696
1224983484
1502350164
452059397
374875214
275468767
1264382437
448700105
437911965
126567203
378767926
818200850
1242802669
1469540936
1528304233
585667535
1389095864
895307304
597323295
207981219
277658644
1527522816
635366505
474425397
82342290
93739891
1581680468
421306378
132143226
248886983
454202475
1546894920
1575538435
973817161
929386338
1282122528
328442926
1035789714
561451864
1511413550
1176730784
400549198
302736801
431065340
1574916834
1119004872
1053667704
1546052827
134425567
542735125
440288436
230291694
391270032
875883620
858325766
14156757
1580817762
794551332
287742083
516655104
223069703
1381409150
377603449
418086105
1575820406
1413769040
434439911
789736064
1467771918
984292152
1255537297
237873981
444531919
516939700
775471441
1569139556
357452755
884766469
1057195944
365384332
895782494
910965872
217052470
781032223
385921497
362122176
1269925596
1561028929
628047435
434098981
1053769740
1128261234
802904712
39422588
994027212
1360550822
1475165564
467585080
856285442
1563682590
1169218586
1357509943
1085309029
480375569
522324582
589173499
810873500
1096107505
1334758987
783004016
1311928993
972788862
1545409201
1270759980
1464725924
983023723
468733627
436067759
1568779075
415973804
207000069
269501536
1566538410
1564039716
1496334667
1563234541
1362516852
129212112
379631472
375787244
325374491
324712651
1558678770
1525642369
1559336341
269088085
1468292671
1402027622
58897897
389671116
914454283
238488995
615176789
345471217
929594090
1553959652
372301664
40849687
513645079
1552943966
262316473
542477744
1049366990
190270513
1122113935
1550656352
262626337
90147349
222861008
557506880
1549169130
577248272
779504846
235581352
970609183
1048139425
603702309
1543926248
119860398
268925366
243114432
1528448516
1541734202
1528840134
480570272
993068484
1482187957
169249986
1247322913
422723669
157537712
471525969
801208224
384931688
1073583739
371245221
1493442638
555832081
1461557701
1536269408
1212873458
375900904
124822215
511222059
409534760
608009442
1403439349
209990658
1535239093
1449503112
455957471
1535321532
301955078
1254316141
492817797
1525955492
876076220
495322659
1208499714
73955821
49551899
181576416
1529745668
1186518494
120068732
621009346
1151488813
1526538102
1264747826
822206198
1261565862
186907508
394823152
920900004
1237534537
1348301677
387423067
459292986
459632203
801925890
211225043
103890124
273319178
556156406
1429293445
205010987
348974168
1149243895
129224573
584930303
277138285
316616506
1514906131
117761456
584177489
449617110
183773479
567452760
1496359322
298011744
1514173159
559658034
1370113718
1471124184
1242732295
800527878
937514713
937170853
1505567695
951832939
1508062357
1507218144
1154276713
1497748908
312848426
1465880162
1359997771
867078182
263130295
727052522
124846488
420518195
91374693
527486622
1495106689
1312087609
1389975210
1488386983
1002561829
1315537238
146381348
506629873
45404486
551474233
556424311
182393028
447842483
1441617181
627555634
192219338
851739690
87989577
1454670930
51145541
139957138
284310532
1411042940
400944837
1482481704
1477809704
1359202308
775473643
1385747461
303359922
636059270
1477570861
268547439
1477018872
470057726
1467602496
615921259
498764415
567241580
1441589730
1299407208
1463385834
1473121680
1331357990
1464579409
1227696457
732562506
72156002
51313978
625142421
951564493
1471517552
407637088
1195371746
1026537332
1428657288
1164089485
1467756228
332843260
876027661
633508259
1426055245
1467343291
749911980
141274516
913231382
1452349412
1357779344
1450101164
790433911
361774065
441044905
1443436500
433662997
499425898
523551071
68785500
824957491
829615724
1354125846
483940974
1461566000
121254989
1455368172
1459142329
101566858
1460411222
36441198
374702709
110170868
569426939
1342617457
274026442
1459092217
1458873144
1426641638
395278951
857770141
1457469170
1455451274
1061929334
400238357
1456212686
1141455222
214677491
1326123792
248821210
1352808840
17326431
573507761
382886574
1407146846
828704251
300454365
93925964
1192456021
568590765
418211217
1435706348
1450018730
765592578
35518161
926375322
493846831
550179802
1300813506
1307558406
1367835662
1418068902
141294601
521645504
223523279
1371467317
133524839
1359925765
1066216176
1069159976
1124645588
354954578
1430619026
1358059076
315142212
956479818
39964324
477087759
310740928
1441440564
1176905160
1372623524
1247613842
410400107
581424441
1186761457
299583106
980663498
554696901
996847465
74114250
198070101
1244901386
355724811
1433048545
1420362727
1019516191
1414155872
201700474
210624834
1031384479
276768723
603163167
1417770728
629639165
1433943392
1041098899
1398132842
1147396886
1433211428
1415575459
291090787
1432605853
396137215
24959864
943037923
119852818
462631617
277002330
1411188734
1428294330
1428229358
1299517542
725089884
277978894
624949106
334969356
1101860563
532207564
1031059950
1333546974
492048479
539208371
1417480069
456698204
285770035
247708122
160606509
969543254
1093519651
813245552
950707615
8210102
908293620
339323760
596931635
1246069952
75532638
1418061355
1410548538
564124806
997084572
1415310901
1202771354
444130667
961084572
1389514386
1187605932
54187154
121440875
406583415
1256052422
782949342
217942711
1151231288
1354989330
216181029
166960235
1398074815
1146564056
1407225890
546949579
1400874727
1326510823
185340424
1168953212
1388408720
1398299648
604962693
1387808335
493001993
1233924289
735177582
283164371
1280666808
1397846570
1397328320
18694043
1103808278
584211765
489671394
1395583320
1348517449
1395280388
119159724
850908528
1385297154
944763511
499959289
1373076541
1112560118
1362999414
1079168930
454063263
1212473174
817097796
478123415
372868246
1098862958
1265045647
322782691
1275433842
219086739
383146694
1388727805
68714635
188018043
1393065937
229511892
272160931
1389721940
1193038604
66743560
334355675
440294868
972848791
1191229951
1390360807
51095965
1354640754
1184189209
1383166284
138788314
1387882862
1252709311
245725478
1368090091
1334649954
1323172063
1048443667
307029792
1386849024
275251971
1385825070
1385345232
877586768
439092516
162763346
1381393302
87183116
303643360
1280670895
129876452
1378355857
1376478428
1069752937
1379993646
1364891790
1359113198
289862059
187895464
101926601
579229733
1137143990
1360084308
1377104744
571234563
1026262603
616922390
829574845
419260194
427401007
950065514
290026471
57301985
309230534
1227095654
1375480735
1374210486
1375413247
496997386
763633494
804725798
319212221
1361101632
1125938192
252746404
1325194128
448418596
594811477
1347285060
476819125
572630409
559582183
54495290
1331725116
315408219
1012256100
1130868054
180928746
1278207104
1319919578
1366766101
1352187919
607378637
925865718
1277711281
447813436
1128758035
17570170
99747257
426795006
832340365
1227549632
909949459
858984326
411183572
777667525
627786216
1260094081
826884846
1345326745
289831891
1358026915
807543194
463163181
1058979174
539961872
1351739460
1356676585
1356379465
1355244871
145341105
616510546
569509140
1344260910
604851760
1228287372
807912493
836511343
619217414
1307366540
504457318
348353717
1351743103
67588473
1314708601
1254691639
1064451716
337346648
1350111295
1335386689
824640014
1196459701
731734651
403198674
1347722328
1346823572
463973200
1347091728
1260584066
116840632
868747333
622285524
415953466
1093683630
945976177
1345112738
880012447
414181378
43203102
1342428950
512033716
492063507
394223208
153858517
1155814543
177831721
1342757755
1126123495
322122562
417401363
307856346
475861118
1332548281
524749912
946860589
1338951517
111027921
538985503
277016224
1322883320
1337166302
71533665
1283215892
1042589894
869409800
1323392718
394268049
214376118
1335268194
875402048
715811353
756818522
410825499
1307420964
1331204845
512411247
493356646
1308215004
1264044546
53564570
1320529160
1233668557
329987026
980088150
1332996847
100526554
1309953661
1048196388
522605453
600797870
180741829
1331091871
596258543
1330468808
827780646
497389800
1329751069
1329496609
1262155524
1322125314
178321307
239740824
344783187
1048400978
972283562
116567744
1327873958
725013379
262855874
494866708
1327695630
615923258
739119091
241479908
1087342093
1320623172
522394789
161357404
1326600979
604694510
1279883695
736389830
459126394
185163271
393503390
1325345371
1325285414
398011045
216815658
793000753
976155439
1324843104
178847486
1112572194
381989890
222392331
1296843169
1323274856
440810890
798937298
452250989
1113986856
1176127747
636141616
527877307
770180982
635328863
1219935332
989684406
1072353878
560239365
461426145
226391549
972261133
345206429
805120320
811281912
1320349069
237661579
1257730213
1243318825
1319128219
1319023525
890967716
780504127
1318319839
1018635865
1291288148
1317234896
923068687
783238244
56205453
1267810148
47620404
1316900916
1088660642
1316355235
392234412
1316106086
1311172063
937657886
1166681857
387556259
560645029
181306006
1076818513
1182843709
1314749276
566317094
782349162
1314730381
203522786
1270385654
301465928
1115544474
304946192
301525778
1309722330
628160123
1114160070
386288222
618217223
228721739
243531678
231913287
514940393
1311085110
453890529
1311555289
189965532
91531799
884247132
1303053344
356917049
1311051986
433293462
611924123
453372889
100002053
614401458
129882896
204836588
369503359
1307080483
403991197
720301315
1310134994
1310006732
1060804842
1309529318
1300283059
198193617
587567339
742635734
439240249
272870622
1266852896
493381740
433273604
1028361554
298628910
283249178
108363252
622155202
1308490033
308000488
523615202
1071989724
609117323
196635603
953173416
394570635
113941202
604817121
386666469
1305322596
184501693
1307478854
195558845
1283375347
1307104952
631063901
149897458
837989588
966254701
1198656787
259414442
1306934370
840272844
1195811346
1289426556
84281463
211454879
612969016
268021398
1210025197
1241369023
1233994256
1305570020
525370898
344057393
637032938
1095385818
586864444
482016009
987166675
509438468
264995667
1021903771
492069639
1277616936
1304882780
1140588630
876324890
1304777760
285586023
223209233
1289539070
395819193
504328321
833500573
119837473
969824809
1221747842
1304395705
315317982
522098304
1288726494
337200958
1231538828
801022039
1269312966
330218005
1180031665
859775538
1303974079
82577179
917089340
580032498
849356857
866167998
412890920
543307912
336594116
251870338
481868418
389074364
547782027
30275616
391449740
966760934
1040972808
1026232428
1300489058
1086207877
493851730
1146248564
736809236
403427743
178689348
1123195453
712625587
257121486
165484630
189926198
479150585
1003618417
209096847
847529412
458510703
564096491
1295114708
1112326801
598606350
281037516
236176287
1091771856
1230042102
1301743266
902258065
1301823584
1234344054
55611436
487975520
932523300
1270394533
337080890
278018501
745875182
266645260
323984270
584355075
1276467553
812802074
423393658
115532695
1289164796
1145887334
1300540680
1047244152
582635284
108643811
87052343
1050308502
280931948
1281829988
1270485116
560624224
515509730
1295231191
587469084
293615056
207767821
335501182
400363437
995224027
119373096
210295439
1230954559
827321430
248758040
972100489
1288922911
1163512308
402153081
980713657
717274783
50843253
788822064
125440211
1295697206
96747188
119410861
1251733154
92237899
289249343
631743123
733097130
371919160
1300881866
265378000
437711993
250638924
1161061194
818253973
119879754
1240085432
329863684
1300822634
322216095
1300343161
1058075222
262023072
829749067
405402221
106778912
958298642
1292962308
561142095
636365967
583116168
942265722
407278524
1224126308
607021439
595741039
929408467
1300641368
1109402989
69519155
1129401648
1246219014
1266587774
516347633
430573169
1277508350
299513325
1128306589
568112252
1300521140
287606924
1230204320
509231272
1245271806
474380385
593796829
1289691764
1011682933
557181762
1215973135
459489377
301391953
1154478330
617930168
1086324986
556154402
146126761
323734943
1275275683
70948915
391555164
558916132
406032427
547839644
636296519
220999146
1229269202
241533551
566745897
1140669978
606471589
617636575
1259874720
339078244
741335768
568947553
17671297
914587994
1295571488
140125469
434865172
518536507
1285469371
276460021
263343222
302555376
451810602
900530130
599113367
94058763
382862859
1267634294
1300299193
340489969
1083926132
566572715
1219742179
1291049690
1285384003
137819568
541154451
935070308
1259767567
535580264
35185957
399217193
91236045
855166800
354875390
1278360522
945400746
627389115
454834639
521473363
504883852
1269220770
614627079
506181237
1300274778
247370328
972498350
1180193791
755630563
429904574
465073279
523140857
599485575
107390319
249230224
759959790
555984551
259886330
452207044
781082071
785549952
759755725
442906591
57314624
384408123
476686054
230220524
278740819
299735875
934047500
1128606673
392733247
392772330
563560331
193996826
517342028
198413905
1020651726
1038355182
1250075564
398807332
1267858633
962077134
570061010
602984534
410199853
1145787164
314554338
151083676
743892348
268963171
1299258109
462137803
259396735
486044164
227320061
220729945
1226136558
294155480
234183899
65711434
331263550
579227797
514780251
371696263
427474733
921892945
597626901
234314694
1095872286
1286865146
310854155
574443785
934154647
891865562
970030525
138507517
1262624275
825424596
557850345
1244266656
616191385
121093334
1154962020
601895346
778271821
947695902
119777301
951556730
312573513
1156985268
991363302
399254838
593194212
613120058
398881913
295777907
1300173486
386771140
854729930
1278503150
367418683
601975728
566474632
978682674
779700415
612622755
242736676
392952183
1093354520
632077983
713913427
929405556
265583424
148339973
1029215096
1281108054
304952794
710863303
533144172
107020327
245034528
631911937
619557724
557541426
618935529
405117804
31518532
1229843293
263869897
119847855
1042097010
1155617557
1097908806
556905772
731377880
406645127
1293099445
1300221391
557263735
574283269
306091094
726636614
789816872
540047926
418912140
1265069634
120167064
1080968263
1175905334
587324080
101216255
391365472
467464288
178402760
303707406
405750956
241930837
564535948
789146034
1238669022
515883402
526809671
1215028597
448974554
1285533835
1295449802
550408972
621398485
1299141613
798601050
1300187136
392278772
468350741
405404577
1300191734
587424231
709556245
1252835719
1051304690
1145190655
1188739268
515824636
403617644
1268151372
903492583
569297636
621119727
980638026
557174490
515418679
1283957095
926077580
74861601
891509964
806731231
197013652
1222903418
604748679
822257858
1126340774
268903424
621933193
553707393
1265414875
506155162
325429184
1239857923
613302991
563425353
1112907128
101490647
469690692
1300186028
1194913848
1123113324
1262427727
491226592
1163250408
423409023
885005310
1157669448
1241853468
494244343
1072117478
1300176300
1191542857
1267796839
220475250
222897155
1070950213
1201873446
186536029
581902171
556173154
433982955
1241054438
556128280
144536166
897273157
495937393
1277675803
39026022
746816228
552293220
805290295
608306737
1093478102
780260491
623946669
1056141630
563060841
205887483
970164608
1065962534
1024033495
1125870151
1288732705
595044712
1058999126
388713956
461825600
636925716
423515389
517616736
849686126
1264884270
1056201211
489249520
1083964477
631003163
832792170
1267545499
848983842
1286782986
577487505
107383240
603867864
939692292
830822648
442067595
911325740
567333197
1230625242
410321922
1289622998
363207487
1180171364
257144568
510814126
1281725544
1087160653
625304636
1286956297
919559888
489277310
496954831
716847882
588571493
1125561871
954058404
1267485644
419664540
923236225
1272691843
1048656589
119844310
606794876
1272818372
469392728
447177255
308408787
1260109591
1255075412
570115176
597351815
1247110410
770145728
1228185896
1226043091
865221594
629276150
95315051
865950781
513668168
487679841
1051673791
1125416414
896919432
1234445833
574409187
1292635471
1064307450
222851135
491597204
619418206
601986818
1124753503
887243504
540360413
1295491176
561959173
556147670
1044185252
54219107
795700741
425017081
1272755035
752190540
392339963
133474182
890963936
1267472778
538458247
1225912183
1103254628
183652235
572079504
488356140
1262252335
1129040474
209984441
829095822
1214993898
813062310
400774745
1023236802
869696012
625445323
817238136
293468423
393036459
463697368
329818579
267558096
560732703
172445119
560308153
716542057
482012445
1198678405
634383485
1294412430
1262883421
1030329048
342611188
1116237661
276903626
443990289
607247373
1273187743
1008452617
632401662
1230143689
258970030
1236167570
1195371660
496650042
619542433
1285441880
463437285
1191041066
1285597765
560653149
948860082
312895977
592627475
1283905609
132929664
376844387
529268062
558056747
802484418
946877598
182767123
601141190
1225252562
742248727
390303459
1020609624
1016143519
1088343438
425436204
356279433
489321178
341563678
222968431
635851701
843451094
1271312724
123462987
1276200578
1249346574
1271988007
569386071
882403525
1146485474
184392344
1275202262
391558554
1271933983
743062544
567158940
114884227
617995078
429341852
938012095
382369953
432908040
57306082
1272575132
56588753
487498515
1201017084
882686564
1269295482
593536486
255531930
432713522
236565761
1242911515
1205722837
1069568179
353715804
14831778
261187495
865235156
178668567
895243506
581053329
603078877
1212354054
585766478
228092400
1250053658
216816548
122312406
382974983
1086250656
393220637
1262831166
548287029
217439354
733506252
556955964
197001396
793748701
1203226476
210757866
417193899
21760762
278519514
348144058
1257538273
263605697
503593212
1166352996
410683662
497289168
1252300585
60280095
733437127
568304051
417341006
481517812
489612086
1254748562
143835966
1252300224
1235250319
52862585
439273692
423760858
422063552
386138567
309116509
1241867124
1244583175
1239349117
1024720206
1056546103
428463737
66330850
1202895306
250226169
1146081492
1160153526
1229637810
231575727
151174183
221464852
94308992
59445299
1015288902
458691428
88401542
390325787
933819282
769511288
1188838094
1087150644
1236884900
799838492
1227086124
1147613130
907873656
729239798
912896736
1201503092
279487451
1208791502
1191303037
1152136003
232888409
483725730
1182941917
552761860
949701691
764536315
1161620941
1227316688
1147860217
1204854637
288808939
1087220419
399382971
1095838489
424579165
25502975
751875824
1035406550
616468951
1092942636
1109835966
1015595858
226119857
595591635
1101849348
575466156
405992747
1192957795
433843603
357033924
1013555011
591005875
842137279
312545813
619911003
498556453
765718051
1215042624
407227227
1213853137
370396743
1173161803
604042411
340805535
1211217158
461335522
511193042
1193513246
1206062198
290461999
1128339805
395212872
1047732170
1183474680
572845528
218092336
440358654
153098837
1037520811
1003724918
941283752
584627657
520786852
1129570002
774490268
1153833355
562335149
562881997
343495092
132503637
128423935
222604574
598104838
1192695637
801089394
134689136
1147966518
1193702426
619744518
558059885
629301239
845702004
1189386697
274049718
1166270636
1172426924
499767001
421313722
1183652815
1004139571
1070724636
983279376
982113463
1059877212
1187215704
138024219
983097679
743548550
311694108
1147573562
403542741
1124566278
1173987805
234520709
436692108
1158733873
1051649042
1172091912
1169243892
1137055992
1182336164
1170054374
599546382
137150267
1128335971
831936386
587675015
227448072
1164361891
516552232
956443376
159124478
270606725
1093159921
936640158
479339892
450060337
604782028
45622466
98030200
489336894
229123384
1168520935
1133549833
572090218
293604650
257059791
251041997
1078174219
1169209928
855335730
547969973
1170666973
1113052878
562472988
422552648
607530913
1092330949
496709515
539925919
584918679
300914075
1169281250
607506596
1128691543
36684721
714328273
568353212
349173056
19792756
376466857
521924112
163074513
274977622
967122470
1132556137
549518004
617136303
1166262296
1103962220
1165610874
77728407
393925995
441428641
46232215
1164329852
1027060994
971969990
632950855
228817978
562399060
32932378
359940927
1130237220
552595608
1022003737
172891699
198189120
567690182
1134810854
150637004
700139959
367532636
1095849800
251755015
1064654448
166506486
568523390
174560444
978905474
553004783
1081591982
213465081
894162397
1130995297
39857508
707506357
1135347510
309605450
1150653420
589896450
919494031
1148262229
964229540
161365947
1143375481
253276094
68524066
81692567
474289321
1146003618
1032721801
548491804
563873487
1106478326
1145542861
1140390182
1041641280
1143941498
435557312
1143947293
1081231099
1035961944
1109651060
1142673882
618362971
99402860
1117610546
366285682
220766071
481255365
347179166
457958289
397458764
1022058625
242337227
111387143
456434205
1039899236
1052926682
1138038984
854733720
1054737043
936560706
1131151051
43680261
1133433577
387689642
559521643
320124332
486137492
496420283
1102149151
1134877338
593041062
1109959182
1133549682
1025263705
987847417
1112502636
1010725020
987024518
1112709614
1046919476
915574806
1131224857
1069284679
253724521
107076653
226183732
1124106612
537709542
269818244
1096380098
1126098564
606466235
979366915
1114328282
610018255
37098881
1060585183
1127558509
708009002
1013858538
1001968532
524813646
634725185
352746865
594728197
378720780
984802435
452068340
478646098
912832987
401536888
381252632
859967606
82938341
1099241413
949347368
188400505
715360543
1114694178
381751063
149994961
233639997
369479185
1108601425
1119779496
220160920
965097302
392490045
1032923485
752806686
553891252
1015894873
1117380709
323158686
259589636
1112707784
488839859
592767602
721009430
1103926472
146169505
1096102230
721656564
179020958
398191688
588443398
1080885456
1110251342
1112884153
528397068
276701250
99168194
1112350574
397340428
1040390690
92829924
287145819
1107103542
977751108
1104915864
475966615
121443811
1109391936
1072147262
818210900
928194199
826390705
159795463
288824542
1107182780
392309672
434261498
624552929
557875941
188006294
120828575
71514569
1072692277
1033555638
863844368
1104400052
1104002437
224389207
969976992
577283490
149255123
839473004
432760099
458429711
306474377
276731793
1101870331
589573840
187207991
107039160
884387346
1032887862
320365948
1093459615
180305031
95541000
248251574
466158934
722701975
1099512144
966983798
1099372267
470253818
125660275
939451124
326292632
446250557
728744642
1093075392
900497906
305082870
1086949692
919618100
508880260
488708496
963118873
358820408
512287111
833979056
524310903
909815203
1065223351
1092167760
263914414
613724830
82034175
185666374
1073810509
57311765
307963637
1074996055
508874152
621494624
585749131
310845446
923024078
98832613
352076021
462595960
733847539
207136170
1087478678
112281718
971712006
626135862
473287153
780678349
968955907
178701142
1070437724
129176409
276159090
855025585
1075029578
969742298
257142915
299437228
98847944
276461010
233173596
75406232
622660147
550921071
906175020
627440813
563879477
50820801
125644744
567464443
389876621
927400356
983354958
955411490
388226853
578351271
389679647
1074893988
453331335
1039569421
71753621
1062832656
806854116
526234701
791613606
785115968
507840558
1044677258
1082943812
95171446
838160438
1019984498
189886896
1080787860
268739890
392143356
269038702
628744367
119861910
510028659
77759193
395066160
280644677
196335212
1031747520
419155233
915061838
61603549
953565156
1080106591
1079358127
1078894728
567215107
842248026
1078276832
403704694
859959360
956110189
593025141
969071160
1077527216
1077460656
124240331
494157094
433711976
380473567
553278127
189080875
629294010
525351810
1060969182
405590399
520310556
210979387
619127839
1072398332
1040722610
1043410032
327941239
991500026
1069153560
860283836
1012261680
1068506210
1070764422
101019845
123723714
615208700
1017815990
383492723
980217102
554581661
518570172
261935672
1048564909
1008046855
1003483087
169206715
561036103
118918824
927214105
32819383
317420883
1062806468
841005901
1061071044
1065658807
140838458
1061043996
372174420
1048884018
848812291
1017607008
712723159
1063109683
832287913
1063952154
355628573
222962695
935007182
46737661
1061855377
49355864
1041110881
212552520
394037039
353550761
1060282268
538117805
392603775
355783649
603197989
280654435
1010856696
438272183
387256513
902160176
376192626
31989986
596917314
416486796
901764842
581828992
418250068
960966332
525870824
836361546
1037578416
248665956
371770829
238330635
78635010
885536766
776642678
1042179678
760362715
1030431672
217929487
545068502
1013561088
564973431
935576456
1041339096
603679656
1027380702
830271858
566112974
51715015
299297668
1035061584
803203430
20302424
564031904
483808794
297642345
637287936
519913241
449165436
197264574
1018212397
1040788070
575421808
879936822
29778251
419619044
113583895
1040022854
398110177
1033340671
985173392
279168344
1039392978
455114123
151076514
80655711
69672794
250544489
762612372
452941427
272123910
430007680
216769988
803170808
159922819
1038123488
1037972040
431687543
119849942
323829803
874648050
1006205576
1036804400
587066190
91817709
521275646
868554716
821680070
330280772
923899124
974373433
735561128
598793805
1032026736
66328614
1032708866
1032344527
157878015
253455342
308951268
489808990
90408728
874329992
1031396000
467732720
154076710
128722739
956471239
217813498
929365255
241852740
294719808
98996357
241433021
610220090
326353660
208890012
825489674
229157049
953504528
953653998
735532740
282832859
88263617
488839955
524168437
92027994
429485143
273878330
921514320
234791931
1024901634
979037317
585747890
1015192117
921982405
1024645146
582116780
188049808
491168309
1014870324
190320242
798110305
701154925
246990512
1021990530
1019724170
790026919
35077772
617062293
298501495
442743013
394895468
1020671005
521152626
266093984
597541143
847825488
972950791
984733736
366022706
78059863
260659827
202046693
200223075
547795774
923338777
599570537
604555003
98449285
1019328414
106490645
395432561
356848410
1018510560
467783394
771559891
422780541
1018181238
460535295
184576429
1015167792
345217548
934141106
219361962
927468552
304057615
1016375833
848394822
199537024
371876733
754689661
18769912
381610896
715113061
192524691
625696622
387897480
1015571960
378632690
74590240
911025373
390403025
226114490
626576049
744119456
454007924
1013931265
322879506
573012677
504535107
1013403882
36387647
555192947
468798327
140199482
389947217
86028347
813409364
412484794
712827883
425253616
1011542053
56150992
92118087
578460447
574422955
82603884
120240192
927786607
34713010
419104431
437355732
119947749
241688465
507215278
354079034
614167632
564127387
729493477
789218881
96571006
349840779
98094131
444010759
166963670
68909790
413083959
931417304
927997440
1009923840
119856956
467385422
289953745
139407754
532179694
983693455
72688195
915746726
72492680
194495403
87905954
89064552
798495788
1005988202
201944721
1007540072
361942398
23848234
996758252
979482469
81110938
101214175
845939072
443039120
316408361
242003073
120156881
987122850
993924416
385088341
331757466
321436006
501843972
174248095
514836726
299923208
613651897
97959010
585681073
1001165286
633653455
43745047
786414276
160208155
999136128
290226171
49305159
405087335
875394133
922120129
607500756
843792032
232472761
148572303
322155622
289276120
366657879
989455500
598597258
448770216
789016074
441140540
877940168
517401414
556037342
301225920
188239679
984786774
263905869
935829152
987327968
986904805
490403022
823698462
504607207
785217066
160036619
152669043
186945543
402385751
214419054
122760154
846955032
86951563
610881383
744717954
438696275
472870175
348268151
531116873
615209714
930874333
361436629
125915094
402659284
537506302
847691365
980944370
450176042
904385898
297133579
231416633
381784495
979373036
185192011
574791459
891335592
619234103
467658299
970137338
976328792
256496502
144804065
357740962
320533032
421349827
933547224
559631918
608535191
573840852
468237036
66735997
83632437
972896772
265464700
441822974
970099962
971859643
257299700
868731019
838761324
970582592
947048498
261483731
212572909
230833934
959487950
242245580
965812380
635068527
969251310
283793387
881119896
33864558
307148879
438587677
379991637
380541501
17445555
46910050
468016495
294778373
906458659
458408716
45905579
789916260
966250561
308501944
966106212
274550608
531630928
41088756
949490767
716103332
406978571
405208756
31835952
946155132
107169195
869684264
951543421
33156636
301959544
960534686
961410084
571420778
961139550
226541440
861985878
470119709
923725590
960544560
124614100
831910742
720739088
51028106
105114143
930995862
753478158
958858448
392288163
863300406
15916970
258376614
830719326
70167696
955677060
477161530
955837735
810482052
461729132
418533865
584862457
954278160
741084650
954424916
861225180
803294490
269774196
458688949
717761587
459311212
574699580
936418466
944651606
233272408
55994775
632857034
952412269
484324763
246010365
519809581
851406194
397268581
861132655
634701820
935144664
849205315
558983888
471234514
619470492
119847186
120325738
413930797
514417611
916609819
432900681
841574360
714392383
393862855
398319552
101842704
122385770
406389550
243758718
296370967
351965752
220922631
215967799
274449739
834016783
724538311
862935835
247855701
568346757
24752048
480407204
467291089
302148316
362781058
268219654
123066625
203884509
148729381
457085481
948933462
375489606
928403540
943505984
114989120
947654550
550948135
943223413
15027523
59403773
360812957
392980406
607331394
139116982
590465991
626337604
390321241
245859758
391038791
174239074
370619175
934896258
946082210
945250194
468680214
771916573
286685520
868820078
733709028
941804263
69927985
939638838
614717548
885251821
482471505
789417067
291007328
850179036
109355746
312859033
20429533
305236888
613863992
930122305
101317292
561561238
923730950
887369714
932816671
205927657
798071240
325116742
838311624
701114929
717430256
542784913
251362126
928438477
255012892
296940835
919874323
114434386
614630501
488404337
494076081
403016031
826967288
811878818
882329701
370007600
908318407
97219457
908515236
711188977
155658979
839525245
920983556
920796654
858453258
554265293
841373929
127054688
906979921
561400783
434810070
70669243
243328082
488772052
895973220
603560101
871401638
914868385
367791319
119866796
910084472
914031643
90368199
767755950
43985780
613763368
580709195
904896380
858685249
898221098
575560711
827415655
900795108
903376688
132513027
531760171
484324730
178003424
357048805
262953945
873142998
898830932
705691034
246624427
908883187
462049152
849272468
225821452
177082631
562760859
370353344
506374424
397918404
778802136
458253124
838639687
229783783
504730838
426970314
115045762
895430556
604663911
458555644
122159164
902183534
387682879
494100377
902067522
54480738
248384727
255906334
355546895
389654230
482751922
501781895
902233806
570159906
901816950
736640346
901663879
353683747
846074738
431113651
195543991
588245299
880568970
466557089
897948480
868409250
843293083
225441372
277537691
93008140
483929845
394357255
896060358
495056168
124525753
581909970
455022676
872506538
62842550
891885475
852500714
591036427
893674646
887573388
885047850
763201622
482969794
44490900
88187664
738614342
127250117
27061885
618628056
288550717
836108629
850162656
817252225
89309607
613503524
336003840
475282217
796008890
271035244
338064335
781012382
782904450
591651098
290935434
776356645
854021316
710975216
873573156
819543606
882367238
852475261
102015504
861051138
850694142
865108483
337098163
594971903
465977472
33405079
443907382
398629131
550484624
428182252
829563751
561421037
414765927
516426339
416639459
382315914
873416000
870008485
872483402
146211125
562630419
840590436
240727378
797020254
470173302
585619386
83560798
870374360
383779914
870057900
58946464
373170128
303397014
852839059
868355298
160849050
861991788
413638232
865405008
867245491
867050022
867108475
591146536
822116707
850238490
150933588
88543177
218284846
46899962
262243224
595945717
864641160
580062430
206648298
856908912
57601542
512375610
836089045
863536166
567818744
107499427
319794709
80141459
815051396
173569354
633871181
858564642
851344339
847971558
860369977
860418984
438868979
246874364
218133608
859717164
133674393
395492321
807839600
771236456
591263704
857703158
476221624
721460221
595611950
353035453
836220620
618293885
571520803
855679879
224779466
101031913
833844109
387924354
853715719
840138577
612224692
318364264
61210456
213993420
83921570
853493023
388827811
210219237
629663876
560037486
271568488
851286108
782907056
800774870
203758800
398605224
137285871
747081386
428592985
394799385
849410114
848848674
22095465
437053016
571263189
837431658
847393831
633218234
355903090
190293395
836133552
629813256
815039720
555089660
424199567
46138730
776210293
843403879
542722936
842771168
842555317
379902582
842424270
794176273
159565797
184593410
453207154
766047840
590281408
119852078
595524422
838660146
149509057
525101824
836215016
708903655
836522881
798461545
836443303
407312041
398953230
228978438
483763119
759787136
287342498
606769867
45105787
819879499
98936699
424053124
405064770
563736375
120824932
634828845
738850176
491427307
829672832
503001338
817424126
304956028
35481385
803219772
481481905
607524726
252507200
431620674
442119405
811128169
251568985
45551653
796296578
827842447
217049235
173431045
548286436
345121014
631908623
235578330
401859685
813931374
814720532
609081688
226950872
813785670
481373462
821923519
739738292
57003624
80887849
735527269
820734877
467759341
179360473
813469064
465276008
624003740
820161583
439887825
820432880
178992629
804355320
775601935
803204420
819586316
633988495
807739399
454435871
499131456
612505050
804758167
518112792
817518986
145199350
363206654
189641950
242269647
274883091
813351973
815628152
320286199
181515964
807414240
735904328
618958316
599530286
260720694
631547499
417458286
58144484
811291327
771754440
263555331
220673594
574351964
793802364
810609800
174031851
107387350
412519374
333337415
253865264
623924083
809396564
783172885
713033562
119364952
606993671
722398724
359865686
774112532
556129862
782503748
118642005
523049879
605672860
274798243
372850964
794312317
172351801
804851210
362186409
543432684
452304357
800101999
241598107
786994849
803178396
470021210
745697090
800094746
748037443
767458380
587350887
629496429
781292467
203963006
477268029
792350743
451728278
155990213
320412268
277133900
615562434
524074631
85041862
572605954
587569211
760216326
784756087
573093370
798918818
548550374
798607915
566626156
770143008
607272452
625310099
715773374
97252343
218985356
531317595
288963121
397561011
796526900
795776730
571251996
784316096
795995701
343345025
793813818
342206411
119872144
493847943
528513428
455133986
462611514
792613388
344640723
737650621
628648121
412514828
735380095
331206367
564845126
749345870
787283492
735651836
259479290
536661251
765842131
401531578
607658057
600937243
241340675
789907854
478135912
786787014
752861508
209128368
581314978
787858308
703681434
553542635
169839383
608536980
369134504
422987999
173685235
769832689
771950528
477961410
458340924
184098361
51809248
785652062
353934161
486961172
57728741
761751594
415300098
779786017
27845026
381667228
375855114
781154844
540726608
615183597
543994122
570109500
123892642
783128138
387461781
783159578
782900474
782915628
782589152
192545261
733227283
594434286
210201820
545879685
759187904
773658368
449291981
701330226
759015474
389548778
772824043
268374755
569464855
755557664
562372130
586945035
55245881
611061753
15902398
635573264
190725806
777801924
773297065
566909252
127077000
776914789
517960205
548781377
309221524
626653816
737111750
175413973
608979122
134772609
760186152
722497962
753264552
374567911
185209861
773393521
768093974
358405450
187922026
772294254
772316731
617456717
634992820
210810314
612964773
771702397
245039231
324364897
735430411
755493930
757497464
199298056
390983446
174409000
203883637
769152535
282497400
754889954
15658062
450136089
360186072
755028852
419584074
767949787
217152619
738184861
576410468
478504518
615592071
724535478
571910870
157446412
231407267
568427804
765361406
587568476
126302637
615914669
741581388
136225111
266278743
764028541
189188083
757137602
561896486
402357989
759445680
429973484
239063839
761019248
755911100
750488690
612056032
573131858
560353222
636882540
757082568
759760650
558613218
759284923
759144470
758788213
593942982
747221185
564690258
618282072
752759491
757418101
484998639
757078016
458284782
456516386
578432454
401057970
449987628
622267866
146881745
754907472
253098380
558051556
753603902
635526164
724631846
753555043
323050165
752940342
303202397
732749203
596683820
751552141
751704302
559956492
128197163
217025892
715094995
57697798
731287224
517606761
635729774
329029532
212530149
749083754
212998028
742683848
482197145
385140597
487593438
748342657
748374356
474270140
307426750
582917266
495398640
747633962
388812070
187685789
621327040
711459337
726644678
628000896
507776107
625735612
267997607
523212186
238209634
427611440
279565477
448042287
360176705
416598146
586044873
458251108
387219118
579853261
743323801
378700586
728767604
621724079
276453645
722272819
240700560
741714625
615089462
741516572
741484909
258757256
739960524
636219949
527482601
623319024
567156853
730713007
114532744
288688984
483993237
337296068
323520174
738827484
627528204
169613120
515923655
524293597
592540177
738445014
736544419
365152313
737460415
597728242
560847254
707781714
552682430
543818961
728082799
627755592
493448917
537555442
293546216
287912681
119678687
733558273
436680895
248217313
277405407
629148552
118080641
554566296
586974808
57962588
405499903
443661386
212905970
56279344
584933824
357465550
730744849
620035408
632731679
359405311
718846890
80059255
730350740
493440511
100590457
458608222
729422790
108810637
521506136
561929414
728769606
377083745
448814269
709517730
56847347
231977986
105836483
49398371
130916628
726532458
171851279
282194656
574453553
278670708
726057235
628293307
724680000
256669532
629441227
708097106
395099466
574992352
632356597
162779701
523161639
622233038
622093383
543541024
46599564
622375885
718706455
701420161
453403297
110956327
606494040
258039526
140959011
634523329
259048453
214565043
588678134
135809423
487805780
701715956
201815702
173146738
332308758
712912969
71502216
426289132
712325382
705437622
602664995
717843595
210059561
74678548
635723654
629558630
581213526
586728482
233910374
468713170
619259248
621191091
617341104
584090848
456078370
119342680
629627137
714811616
714060499
713243557
437607902
708612956
151905894
479681535
326121709
627256923
158346880
271662723
610569823
382327189
467455904
304962048
258010056
310779982
171513983
580803175
615694316
277663173
416352319
150724563
619078164
620141431
75012540
702172206
711579254
710921040
581235480
569371098
355779765
518604214
629472583
587847528
447132999
709058592
353872784
636129880
293229099
535326235
410957315
626131530
462264938
210060821
493301314
314769778
248637903
614522886
706863090
706741610
24678944
110737412
604764052
607574010
609592520
303158016
169687865
557634590
469679808
63814764
480501998
632622455
704670367
491760630
565333149
637449981
704005226
43683051
448308029
576656493
603897204
632103582
379717189
620859757
476264996
701126538
616473928
329189870
636385204
607483103
301587152
635066868
164403918
307925751
636965162
461976669
569888703
428157797
631086123
73258845
637085946
397904987
248179439
557360268
595751221
479900329
160248690
612151278
289081521
378567619
635357851
394536840
635426374
453269477
619594483
635981055
627866059
16057231
289994633
394648254
615716901
163109911
296466705
152712418
295071027
349055961
602942705
573093998
625446791
626527822
621408501
590093518
528645770
346013163
483726092
131780080
614181020
434484303
611709380
617917951
623988502
129626478
633183071
276927029
21999079
392711388
459389060
432430511
632713475
411771700
580284891
124850569
253232008
406238672
609892915
563784989
560935908
215227864
631453903
250583559
625553541
548667329
616435252
21283529
602706732
599898384
250084505
340479495
181525298
611037012
618426254
630337025
584257044
204678442
283236329
546599359
446584881
619406006
415154360
591321800
619518711
422656839
462852325
185171335
75366114
628269962
219301000
609598761
190435127
281165614
625428564
467011875
317407102
612505248
615344172
392696898
627287103
627070210
560568711
560507441
625822717
575632520
246806283
314411922
320311248
123291972
625751676
382858234
458335076
614948453
625840069
262991057
386763629
615179311
127705569
602755885
558767883
625788270
606693011
256176680
585627027
539023981
614530527
396189469
588606972
624944421
441923989
422731084
624134088
308030839
578716783
585056242
623763464
621410055
293247900
623949499
181916915
441854311
589826161
120879510
395575494
407956570
493134560
554969147
471155721
221070045
622987156
617465517
383600600
564930097
44993678
483151695
614986439
398441431
618122257
564807931
462122881
81876992
19013741
621323345
550268865
601681726
99370514
201777692
593576124
620852894
588652597
607472786
272851846
408006031
71006061
382428090
176034655
203951895
339760372
328378469
620000663
584785930
184229880
543450677
500784044
382917010
528760981
579576681
459508850
614639003
609007028
537550087
558781784
327990986
97562780
608614653
497780768
586366601
564624420
221526929
498089774
68681416
41219445
608190393
460339972
618342057
85819232
203640687
220543904
617259514
609601682
321000716
379805049
609121468
408005851
250151212
490804261
472377226
163247317
617225200
447211594
613730840
415246120
308583221
545019191
420279956
573672384
460558693
549488026
450102583
339040700
491517692
322174832
552145261
481375568
405310910
616655538
363025784
480731201
500157421
269989632
97501938
344149842
114426134
560576670
560884976
614882876
93416227
574831971
428540929
612643766
613254494
611452574
612894097
548440335
500292987
613599157
184112352
580839288
557936381
516706067
613219424
238080681
469248299
612949130
517487717
588432061
479574150
135079641
583937401
539155370
609031862
408733431
612551649
543729808
590233822
439993845
612071053
588666603
604694761
602172863
611738236
611158609
173522406
534425159
610956488
606335375
571205356
611611826
605263330
569387035
110356077
611477307
611129388
538224774
583261642
579336586
282020621
608072730
120494453
609387601
436579650
610713180
61882705
603668797
606560914
558101915
450165020
586048536
553710661
608227803
454311336
590507261
609767400
609660676
515729442
608993633
313512143
582537808
609149933
562404796
439129490
381405829
555177843
583702069
608588086
584177998
608449171
367796421
463349540
351308562
527516437
226006037
418140013
374432761
371934325
607329743
43873178
602333399
605981276
260676292
286069448
606714611
382239804
570367146
483084591
599406334
184883682
606461457
87583998
597659954
494639033
297010279
470491974
587935021
120336316
591217076
605763064
54353271
312389829
200609364
578910137
604653206
107829808
207178823
502339611
348363239
572028385
117752111
273635339
394860988
604742892
597912374
598217536
445395464
556841604
603627401
359879060
518871276
70238773
319858987
569292033
308096110
584622560
594126353
493924786
591221526
601412584
602487727
38356692
586926645
602927166
404932643
584720309
589911417
177136760
577080250
602082914
18414473
116416881
602259735
287803243
489566796
271613792
222102899
594619886
504334269
119887986
592203241
290586817
122339830
536205807
129551746
601538399
482913638
440908000
584354175
484795838
118756425
127205449
521078012
380305488
563205851
240059912
389419535
78939612
125839798
67369292
600265952
567806143
600524233
91838227
483925403
261757076
600397744
366363441
474644493
589455199
589965314
575450199
456476467
340226734
483196492
154308277
527546118
562131746
593591488
422801067
306669315
185179667
281660607
262190178
119859105
492349150
516830500
482424906
583081382
456857902
255138509
366486968
259722621
68475091
500144925
597479898
397665520
592173520
543671099
578895788
571316397
576902058
232069879
169636404
278505912
516636035
39359504
588376772
503113537
399152438
323971523
564317138
446586960
578701723
595967899
518905200
279543039
515880994
579285326
247790477
263139387
72263426
577409513
503052801
500476111
557272213
591298452
593755091
577120386
594864615
402720564
106411216
350383724
592166256
309576207
574411013
592977334
594106840
594066607
226360298
593422112
476210959
320377654
469219613
353744587
561370721
60610394
593894829
550807606
574475311
593606744
593616895
358151706
552450065
580142664
529103501
304958345
460392392
521642596
566572798
406610712
579946914
582783369
589254869
541544581
458401417
591852153
470664446
582653659
592022242
72890555
557752964
379280525
288781611
588605916
480775510
589885718
556423877
175550650
281652233
514100570
564191309
204919138
556945012
132939183
585657935
587433490
471266835
191525129
566523725
406644936
72046992
589472316
565231082
584828651
119852542
578473824
589597240
179045116
62623427
587447910
589873069
587634685
371774933
585622554
475706649
520409492
580282529
516474960
487694751
295359786
483283667
542674666
403124346
442118268
589087827
582190396
529966188
589174684
354375810
126987538
588436672
405735242
587749742
566444002
451508365
581216431
307821060
557032411
567179032
162716528
563978781
587797143
584925169
496006673
580204327
434385635
289589132
562193580
304899086
279458769
276697240
573350903
582020447
40480709
579003131
191647242
138689153
565804401
585952135
567442014
570169900
585868430
540259944
367941056
194567012
299550201
398621257
145035740
418770229
71253007
310319449
256034318
569278145
337934154
584937306
406510260
585215595
583803364
121518172
364987252
585216881
559110537
545401842
569286784
446773926
500951951
429142652
522386521
584662343
252978024
584174142
342001550
584389467
287571185
188018337
289442902
471049040
579951480
584106227
289471542
23292817
583961211
569156922
191939021
331061648
77089557
566292894
564212265
547525208
158380204
554899835
545287743
577109820
473767207
499618872
549555721
333064356
355743552
337148388
536350272
574790060
582871854
310908727
450680074
582212173
448088905
574403682
401064221
320868352
34238290
582147043
391338566
581900474
581395977
556398565
560468249
272337862
244589483
497219424
581693094
502372225
359586856
401625390
150075597
496835598
581196931
172005759
580104772
231557328
490764939
580798128
522632670
429564296
580351665
46126866
275034205
41587293
215937464
528526168
245917416
20802604
108257287
99279319
579300570
544225637
469219229
448246287
51475504
579276067
578430181
476790336
579161008
573976558
367768648
579149625
432818910
439433241
98099303
480067312
571967074
551763274
122819252
535928181
392325502
133809329
119203295
578240540
578272614
565529213
577262113
361531904
578110659
286659087
241639605
301982143
577894009
577868065
520957895
577050166
354789053
573971452
467438649
573816517
138752062
512296078
567168034
448132577
389842881
112505366
576510167
217073471
561911140
120730830
445776103
572841790
576503271
551089767
418935772
573496129
377306670
38746965
519494993
575869463
174221485
566301309
383509259
550984495
543925422
280104374
325474024
441019025
574602308
477992882
91906087
222170278
382285254
348648159
535546427
294807982
504370336
574573900
567931426
256492539
573874955
524711007
574405478
574342547
574427141
574415613
522479019
452853777
555171409
488620523
572930173
425870351
570343161
490994557
96301640
475700575
564167264
478026541
566914783
556594227
153482053
449364657
91750002
434453639
572675816
233740585
312556212
481279651
334309707
122128305
537174416
506497976
236067653
570653714
567362660
572358098
345090492
456931030
521724990
514625410
514433905
568417655
89670799
302276910
373217533
400850251
113430782
571132672
439953698
459574875
281457823
441982652
549820647
182585568
120169918
569802094
570532032
269401985
551177437
182390632
397558165
570288666
531435870
196820924
471617976
559877114
566492497
430764669
218491288
276679315
302690647
59394230
568593545
312521099
557079215
118688112
514888051
568307002
508092729
467313400
568370556
414416395
66672078
278149788
337351329
475654473
564707785
567183394
567502802
182532718
243169026
309587690
214635573
444893627
491376793
428627119
546835721
105168303
567053857
151792403
566549508
561415725
515919117
266515389
471329882
469789219
505058124
559731992
188265184
566491380
566414371
566461116
566457888
214624716
483806836
123102309
564877171
558863349
100042268
560290111
516507839
350879877
330532310
120209951
362533508
93612648
359375218
254139310
136294789
515303866
483386677
563193376
396623385
244182442
564472446
301381618
390664731
277402518
53490576
564574526
562812622
563895752
449055600
564184923
443012604
563133821
361558673
553795619
114248797
456970254
172710985
554531271
254058054
555631985
563409697
50957323
562364571
496227674
413235465
112734498
561017123
560384319
562936888
217638624
557093457
562184273
551528742
562332521
383292591
562378222
414125786
539282068
562240198
182096721
542600889
562208616
127532423
310625871
501751832
561500110
549552085
208144221
359387666
561660870
549797199
561527851
556788099
548766708
443037921
378009125
397535546
164399268
454235459
559979412
301410477
552574052
92650031
560601627
497100569
184749797
545434742
318830148
560250154
555298165
490499803
493621919
527452887
363466429
559506787
464855242
559859560
224327882
559605700
216493278
247709446
559631003
559309068
559632445
219710776
489522615
71023676
514741749
229903385
437963106
486477610
463952912
373609497
556623901
390863164
558405170
54188667
534519131
546428008
315979759
447098409
16345086
20968539
274020959
298165322
266021529
513641983
516625205
47644455
557727023
266162749
45196561
454044422
555902234
191353491
193961649
521715687
210189946
535380353
104972557
303416341
165335653
39506218
498367809
396023247
370185020
484563647
556149711
461696364
122717677
450767752
556127521
540041661
534358346
422209726
191192209
531185160
94543883
538125799
555086800
286895575
552112465
531618798
464084274
313767249
546354094
554691710
186555625
555440721
546129162
433266177
542686299
417748146
395527585
545135967
318607935
124389304
119848998
455060194
545375699
550429190
545968461
127486423
81627431
470312628
271558320
255123209
381137565
407055762
554252539
550389454
553899399
394250960
211142071
346754397
552189868
506996047
393668990
101726910
517833767
441128962
119915922
537497255
417385162
182261640
396859216
552115944
519545779
461036898
552567824
475991146
546288268
145022115
488839616
134384460
360254414
537304542
483768713
549923880
368358058
211079811
408706589
435691225
351667846
528847156
450878063
208132752
478219809
464938842
541820033
549524021
547940943
146796585
549329109
122092890
344156302
541030272
549105478
549098794
548856901
407440647
127498994
548305243
327096343
543543565
533222958
547823419
539305324
547785122
547784680
528533453
371559813
539355214
540727335
120485132
544083695
519838858
547204542
516639703
466837475
412767618
129814584
525909292
429786002
490102088
90928719
545286772
495982607
498186611
543267247
95305531
491234579
545780614
543719981
476414652
545016638
300174733
437069916
118912742
234845112
300359021
541663071
408715662
298029349
544674714
436714371
535746769
71213743
536987729
196949451
249598661
418109110
279880813
376153594
431093532
103604784
542963000
468693835
107947788
541688588
320038287
542855947
346512601
462090827
340397610
338340190
76421856
222569502
538009001
402276621
541207211
331873139
541105223
300000518
138862190
486603917
466472494
536332499
278214994
539930328
161830678
344098010
115662092
531591858
535640229
452192607
539973419
519354315
339523494
537029563
532981373
514840909
38421042
539244486
275495096
398527357
532399101
356247521
201416689
518646656
271918899
501951334
235257753
51025353
505678902
391203534
255072517
237078227
533598908
356351716
459454000
124849992
138358407
531658601
449017922
207132905
420541383
261936798
369702940
536302611
526215561
527927644
479089500
171987718
453315653
450025747
533274919
449993316
366286651
471823890
527816211
474586944
418257164
509841887
373249593
533368502
283375961
510912199
207690075
497309817
519852182
340982164
386302817
93251835
530971999
120434304
493226912
514598361
257491792
524126278
494869576
145996416
482733265
252879271
338694102
234972104
524337888
528860503
70639905
30033322
103622442
512091332
501124182
458335410
425822048
378287454
287106469
373482121
164706558
523867343
516042559
288345601
525322823
526941199
526884350
461574946
414916708
259262052
384001547
281209896
517744987
216332794
78921352
465995618
148838999
525745796
400225954
264135822
482270163
465565320
463207241
227856785
472669612
351520154
349615423
295111464
524173549
369149941
466883299
15761941
214801486
375671115
149273409
421847918
50778147
484221736
70563806
237752302
477153498
499089256
191460928
473482443
457121631
106730918
516673706
396126790
241739880
464893687
256167181
206836173
21640516
125100540
342400841
105088086
521460739
489660391
423407343
520492957
521083321
518427651
515835606
520637191
223069430
184369220
384183914
357830462
131944909
234020519
230487989
408663464
519101614
415489185
190296238
135070609
443053590
473358930
510397144
214313217
510494734
479597593
507710658
272118028
91400298
483333217
499850549
384851782
474481159
307383647
486073728
44678618
146031302
415245451
368177745
516773106
336313601
88160837
476591742
297129280
26641777
484580290
488025066
486082287
506407521
163986599
304313057
50973860
117244343
490431825
323296857
514502743
465821692
514194400
489634287
373575033
324425177
312194268
161805729
400250183
495048105
252237348
497779112
85906152
486014159
507762510
455897082
499136797
436153493
479779154
509680333
414502440
416320396
492880592
469457518
419819006
314525937
509320015
286677760
490508977
392650306
480650293
508734917
506448810
425215149
293431691
478294263
507501379
501984593
502170479
496411941
501255333
231205107
363675806
503665881
228952463
27249568
403549444
317699567
103098551
490763248
452232887
503769857
119854158
64817843
445085079
401406473
502729747
477142095
303480764
297929173
485615930
256072628
267955995
501647591
206464602
394400349
109040062
223966204
322719356
500649660
498805527
500592613
500209577
48991184
417035712
211469553
128020808
187496811
498077340
499659666
328606825
484628847
447348452
377512223
477561195
486868646
455683737
488718538
475868905
472457807
450158922
93291271
497932960
405750644
299885176
436884865
355798045
415404907
423494454
464883557
488665954
496343511
486063714
496976075
496941319
486469523
496387382
81428060
493938002
496791690
494214109
496224161
51071293
380673565
456027639
477724820
120061047
476962184
485659102
434310049
489822181
389505559
394328508
483814932
495235437
494424135
495229149
146600814
495065224
88017806
143458129
495127419
292708268
105449945
466023895
120293871
131651883
442673044
135150212
302873171
244370385
252126583
473890470
470936599
314509999
493262277
409348773
474935943
56638304
377727169
295914606
486193587
491572852
388297612
484178555
322152552
285926331
487914572
492194416
492173029
134599200
484734698
278216175
191483758
480390226
474643099
455514054
110434485
463873146
484554472
474997650
490531779
384388957
293094676
440956943
484772081
472480377
331185809
46350884
489660036
316101772
213733043
373351257
484740918
486687639
489121331
227570732
196656477
488708941
488667580
480296463
487026749
457739512
391225793
487450113
425163034
487847707
487633617
294651811
453103103
247760434
366186856
343657540
387276196
401661288
486085656
474210000
481642795
121241530
364203314
217780905
486461934
476595967
425339138
483778378
278750195
97728561
486030575
448431331
475552809
402339224
58178942
377626268
282127195
194222352
317000732
363009077
443280140
473216395
471798525
469144041
484728331
432886240
234110081
420523425
408876645
376829391
383810249
248188969
484055270
484006073
116427514
482661500
481288190
475166106
81868101
472286053
483431557
450070191
483374536
6229342
103981925
344757652
482959477
482898692
396080375
482876580
180192431
322865383
482212798
458618419
189493488
424428481
387373147
482172157
78054611
469854248
185283360
241279655
245437050
468460312
276921600
474288760
132869714
301644113
479343716
450784437
481232143
479703883
443742110
401732476
221887513
436870240
239316757
309935435
266148962
387826453
444679683
477124852
43455310
479687563
434810421
358243402
445030011
158297286
479478943
473917609
403584874
478481936
475300378
271063042
450791463
470108330
469807325
478917433
327985707
266958676
376830059
379320730
257433427
468258631
478186823
477610963
438761873
371820965
426658895
392107427
380252174
477202466
143833544
138682349
467780430
475532502
465561889
465418410
472907286
458605425
468382792
454847344
263305901
437582757
355662711
474397779
124313945
467367523
451393535
463676755
73859893
280547749
453889323
472048311
289014573
470356339
459248489
472644564
463226888
425224942
432920064
470316075
434200382
89912298
467274227
465792939
450990342
136986303
250034357
412826873
468557812
440324412
471356257
323126287
383736487
359815203
361520931
206755365
164355061
141745664
308694773
366464906
148676929
336575136
427544477
464624523
130007180
443018360
315299498
425334883
459787015
320361896
36769722
278657578
460006186
465648568
466959195
261769011
86428798
46352908
464394370
455007822
229398324
464077257
405729548
444835190
464970845
408753139
90105143
418764260
457692588
366867589
457684352
440429776
464740327
461932467
129488036
425185629
463264757
464024267
463828400
446757920
383304423
458469456
277548405
380841454
179035895
119902005
456453655
461296691
390887098
454297068
454210423
461686224
86549669
416699757
280315950
453531805
275556575
45555822
318630882
460982376
115364730
459440861
101112054
311586723
455017992
277593159
298390448
391004863
168781582
429533470
307839177
459475203
15866794
453445844
454234335
459076582
124429994
159024357
325235540
278557837
111107387
186167464
432413834
353172083
442664004
457768311
140560304
211936159
450457036
455087970
81740949
413448153
443735559
414242807
454866180
438870028
456833913
306786898
433489264
425849250
381977868
192537330
155500823
375411717
36822981
268248128
455088567
456070900
24203971
428260053
107135426
414229606
180267093
109827072
7062402
63732806
455086377
85794290
224998367
453183355
415722487
335073855
75292973
113708617
318263343
443632089
438245385
453630003
433456009
450839637
453553756
396819743
387718677
453218227
259176764
453303510
452256448
193286920
128737599
435992018
448073996
226634922
188404896
74434117
236381706
451681545
350599119
404182598
443224028
450525482
438208662
443951384
240202262
341483172
271840301
417482897
275892521
337131969
448516680
47542963
448315872
342986148
185376612
352642476
436260167
100059711
351485689
125721642
447393197
430273634
423527212
198129523
447319363
95389230
386264020
446842819
444306755
312037697
414574016
367753782
444434053
446269772
160593671
435974089
445569145
320134597
250558247
433822629
442707286
136550271
444816446
403483653
444152549
49337148
422637170
443133607
387034677
314464434
355812551
438182262
438316587
119921337
399483173
420893505
75237446
413466704
321954727
415393746
370503266
40758935
342907209
370622807
184906704
121532537
440703278
401269925
327830631
433580029
396711058
427117426
203475151
327960832
245860106
334856726
326083041
438680181
412972682
361521037
435857354
253762267
193896873
328958512
387727330
437659952
437474456
423835752
356891684
437059046
430695170
393239663
53937141
436560057
230952177
436345268
432919054
435685066
386192663
399855892
277722926
307655744
433023134
287844936
107584497
408213635
399657766
407063639
434216030
434183222
429400729
416194832
394857730
361442848
427315471
323941960
196319589
177860134
412554804
430170233
418151222
403602840
431548210
306709137
406731322
88800145
375155276
411517262
430311558
149646625
422211335
430622142
384785497
331502058
428280481
149076248
424222872
407730096
157409047
361505986
428519584
428518247
428162649
216858690
426968147
32484290
288038655
376045882
44259812
331283352
406016485
58067081
335145762
425046914
416197758
369161049
253338054
424836598
283674415
134386236
420064734
416494344
184362017
389711524
378036874
153811464
25978282
349102054
294119005
304086927
196571921
406137175
284517087
415456730
421318444
275983918
285757927
417523425
45836677
409028408
420387749
420046639
419670477
335884083
389367382
121879381
270025073
399408606
419318344
417722005
245923127
388317957
418262997
109266053
63154417
38534590
230755634
97197705
103068754
404316952
410274867
403551449
87952849
394045436
77738875
351053340
55468848
416655968
416589065
375806680
410824516
195341022
414629062
240729231
144837211
410717267
415041542
412414797
285864443
319892202
121806184
406602929
413619064
133542542
206176398
145826584
394953181
224276909
410165721
391692059
410925333
88997170
73675658
99507241
346030194
396237393
320279264
238906743
394188308
378598846
221657515
159945231
134557898
402565752
408856837
410209573
409922044
120746076
290925348
296170575
403946619
120190319
210474844
153217798
398688039
315913348
408847780
84081471
370083817
385176454
405655529
384337716
394549475
407341644
372367769
382649778
201195877
405736395
306092725
128674652
282721382
406352796
233307881
406317548
402760539
304952977
405603158
387129502
405103196
293577116
54896522
125650043
333620996
373127747
56605969
379084775
372803052
231939249
170250351
403655817
403623588
403616115
394154256
403371159
403315201
402971648
378223503
237489382
143840724
122673753
286222349
402097772
402015582
94989937
401915291
124890035
361946127
401579895
211533649
400689604
189550328
400851702
277085612
397959736
400398542
370346126
399501965
373018406
398132746
397223407
398734465
399980301
393927323
35603376
385399152
399368709
99921214
238441573
377492627
299616734
236185074
189925906
397652893
134404616
398232852
384458068
390575577
397659715
384280722
393997831
83586781
21998024
384946219
393225593
397390002
249155985
396047020
103722722
253241881
396629788
154868007
209064718
382072632
396519776
396475329
89517450
396120386
394727876
390680022
393804693
373000366
297191997
244005134
395207589
234477597
130616897
393705556
233545543
384405688
304900267
249889429
325625879
392778795
248927340
371364212
267686436
375315833
388325733
218217371
392974650
135331112
382047151
392146233
139140737
249427520
208220829
287417694
380458961
391031482
386226435
285648589
386324320
369324447
161356154
99601527
385459169
376464604
389005230
259328260
259749060
387157191
235220635
153030053
384772907
271170612
387724385
362858579
335318553
387276138
303488459
387166489
223472864
253599273
138585503
369689258
285329984
367055157
305923455
337575597
378337446
232369831
384896793
384686312
101871542
240649903
382539598
384269820
291897072
383940859
382731367
299687604
328422006
376617914
382803511
274514025
382547394
382688109
376812838
382326458
197777906
294541844
380731800
372987425
217489412
305166672
381698565
104899019
128422034
229473991
257656086
119845116
367951334
159214455
46640071
380511821
299415060
356784611
276796316
379801275
50542212
367992454
255062042
18724256
378886883
311380913
76132329
42947982
377924051
373285232
378378337
378363263
377996067
353069144
153942580
365675890
377264902
369829552
376990019
376685516
242341482
376349570
370643844
212614300
372881906
100207374
375508292
354974898
375558220
64389116
232955262
118195088
357420669
175497034
370807325
260679731
366041353
371149552
292388066
374123067
345600877
373917783
361151438
168007870
372694976
319815760
339428519
50410088
370904491
332059939
372077534
211055092
370912594
137387964
371178981
370986480
369456038
191207834
362634384
184184475
367900871
116030597
122405867
369978057
309915860
161659612
136806216
359615283
293201844
125677080
369525025
361546514
86280402
369144454
332642319
79857394
354346453
368905556
368336843
352249260
345497199
156400686
366883951
255618642
368331271
367130874
293013665
367972228
319014589
104074009
367368038
367184188
298034016
45435371
366607755
366097000
358027627
19092954
365978021
275771102
363749340
362615787
365472096
338400448
351495360
365171056
216353884
323910591
364994453
230783524
18634658
151622986
364269718
98237982
363099233
196099326
363557256
311854665
363250911
362497086
311189268
37779622
362029482
182783752
33890694
115480120
292633313
359452930
342844110
17910875
361820662
22293042
281428051
361651674
360848549
356457500
360176881
169466028
181357688
320847286
179220256
236644572
357122724
359075722
340432815
40427956
335509463
358749939
278932010
358367084
358435992
358334449
323083210
358099037
358117935
124495828
357724015
283050257
357618530
357558174
18900566
72917619
357293235
355123908
90364909
356513255
58547903
208332184
356321200
354223834
328717127
353659514
355538554
355056031
352545350
354850663
199955878
354574927
331206427
353772345
353399253
353340516
353314717
277954726
348360983
352899385
303296302
339642243
317023881
327522820
352401128
113722966
351000049
332762265
128324792
351130410
348988834
350515558
348072583
117107870
291805109
101321291
88293871
349664587
260804541
37227222
258851250
348648685
348656761
348466912
173444987
347707289
255954449
319732207
345645519
100625916
223471358
345917988
264454967
339619285
345410684
324019835
190827142
254549035
188349798
256679720
293143157
342265268
226887031
186373342
323532833
342214481
298483674
323152412
329059142
341395011
85532971
257490811
213497213
225589451
104216079
179155087
193797444
21943273
340276995
337188833
322760021
119073417
339173503
156300998
337709333
251789233
223278892
157340830
35703210
338159351
319837259
336875813
62060734
337180971
236495844
96643582
298922333
335490362
336238591
265764073
240419169
335610227
237302040
211716470
288869896
235454734
50048603
333974304
268976226
69676986
332810992
323749903
327385855
158348211
216312376
47961365
290490473
324828742
330901079
204580447
164740586
329756373
315476195
214142992
329569006
326672556
328049182
327675596
327561440
327414830
327411057
322505580
240535771
326735181
326667906
326554324
239449996
240911727
255451828
258390676
325553118
111701575
288412631
217627248
130796013
254617618
324729745
317726487
222808963
285384826
323410702
272368517
229900611
322730714
322489426
259574013
314205613
319897047
272074485
84960321
230303505
320424994
155362639
270752815
133806464
80430753
162432069
37360353
71354172
179919135
252731536
124852168
317830179
218886655
302030067
216629929
122018208
299732642
251650103
51885032
314213119
122084206
313562507
83329707
317047331
160996746
316768890
316383176
113212815
314798024
316324236
269920632
315642426
315837664
45309429
300395411
312664858
313476521
315207711
134233671
125118213
311627513
40644941
252703065
313715300
40213770
297052987
235375684
313442813
256145297
306175344
114131803
164804365
312693930
307898625
30825533
159148958
237452501
311920766
311392347
311359628
132335761
311075282
310907399
308784224
310343567
296771616
85340576
308689359
308059164
266220261
279604218
94299204
310414621
85887853
310302050
310297886
257646649
279160651
66684112
117582407
86406818
213755790
126368854
253017500
307847232
188638186
307281300
306538591
119861100
290852257
165073713
305709025
159415504
48637482
82037564
119295329
300768987
305762107
163418384
291197831
293053316
233709799
303706190
271353248
304655258
234646657
135167667
300762743
304540890
302201075
276454822
257150934
208276998
245197669
72051755
303920010
282838671
143023134
124365585
302630365
258761194
276259253
302510348
191990099
145225171
194934799
267002471
300367940
199913234
156992363
271015146
277949715
280641531
57305222
215369366
99119845
199354455
210922021
299548649
120204766
290070545
159172710
294806296
124635704
254923749
298639817
108635510
266416162
298499254
298436868
288471457
297570403
286067108
297195007
296918256
296936810
217139118
42602301
291868465
295134683
294734745
202052280
294878217
294638596
294527495
289503300
294395970
110293924
252552331
294143840
185769577
289256199
248237188
293571700
292342214
293120829
292477823
231872737
85870239
150035063
291629016
291078397
291450325
170448478
290561239
289822038
290058941
216342278
272119708
188341071
288484564
288877594
274706221
287681863
105624468
213211875
287243513
287155697
287880402
287838031
287702690
257904116
261926909
287355243
287285312
255998480
38863747
256726653
245692770
271123126
286849552
179200782
286671190
68934481
247426629
286191532
279476942
285819386
281174449
285638015
252311438
285246279
284971007
284779934
233142422
93987874
95697832
282788534
270973375
283726683
262578975
268390850
283528528
207325109
283180855
283139899
89821082
282496244
249103524
276727334
281173650
281082973
280838372
129668634
278750866
280424397
228964464
280217160
262910869
280050730
172507209
278568385
278932078
121431262
278681842
278702450
173590982
195307730
276540229
256911194
252055739
276672840
273047559
95973220
36643282
277066694
132735503
277064866
116738221
272503489
42458757
270955390
126896837
275723804
275567633
131524040
275493710
271821096
275363437
275309648
206892032
260853035
20633060
148809751
273790602
210042015
148140266
39587978
246298980
252553027
242833593
268385601
109231460
265005250
270895166
270935952
271045138
244186219
253920628
216346337
160766291
263371164
181801730
269046472
268999922
268905223
78363125
181546799
264431546
259400018
151448268
72213041
267921233
267407703
267763362
89778975
263011187
157093762
267276590
267240981
213849985
171487425
264397450
266332523
266097854
200607672
257894613
236042174
236985080
74182914
264119921
94329870
222217083
237815680
263239104
17641070
263200793
260677748
262350133
262759998
257181085
43135085
145696183
262412370
262355313
253697954
66637774
261568621
261488916
99127927
234492333
261355750
157608872
135560778
248818316
243685280
127471943
248915401
206805618
259939982
259620256
83839369
49944058
236730162
254391367
256977488
258229788
258351947
258429591
256494174
257969258
78876008
256395131
257089966
256081389
240677805
29608126
32269963
119845306
254940687
255616836
255180140
92192032
255181980
253170471
239028635
254771974
254631569
65884721
91387205
254108169
254094383
253680963
244940569
253582642
252847697
253332672
253276472
97239564
222877184
87735415
247558050
252985776
75102020
250649570
252603831
252651772
251800509
243628170
211702879
104466489
21596238
251158061
181540990
50772235
251888711
229237444
57191729
114270705
251716646
62531546
124856878
251640135
250731222
250047890
251035555
250643027
250402058
250404252
197923428
66703696
249402623
250031494
225591707
249665170
249762233
249684258
175017313
249674783
25265551
87891475
248722748
230279553
247331617
17556031
170256676
249305279
56103679
195469955
34959090
227643498
246405078
248705788
120724286
248539239
247603059
248268640
247084582
246941105
230104165
76632038
247820211
115338934
132391009
214479616
246918499
233538077
107818086
246322555
84116201
71795068
98616570
245932141
245900791
165897063
187274401
245452925
240153144
219983029
245137865
243292577
245033672
63790200
244474621
233816804
229823544
244626160
161759054
131585190
232637017
243999987
243282003
243743174
243714541
243600012
243558155
243281966
243168934
242651196
243156722
243094047
242879913
73429578
239299480
210784413
242644430
37640757
187288928
242165805
218589831
241952195
151434744
209545893
241271235
185256527
219386053
239942597
57310696
178167721
240827407
240323214
238078096
140950831
240653467
173573374
58770107
240358471
240356228
120157296
216993282
163437579
133044525
73501397
75418821
84836542
89753805
211284043
239513746
176774022
85503174
136719899
228016244
232329473
235206879
93609035
72706205
154454559
238651895
238626609
148345137
66997573
237493837
221734584
124417872
235844497
224856794
234932099
236378779
88182751
234392226
69262258
234706455
127687076
234451179
234401381
49439423
233928415
213273347
233214934
155238906
175684892
232523442
192380645
151999666
231955382
231943287
220013438
231482845
231366066
224244056
225537741
35936803
230246092
78951974
219721045
39590398
229396339
81112397
188366467
225573764
85873967
116848841
228200808
109089436
128941470
71365440
227381364
41615171
196835830
224732078
226702870
226710425
226688631
104619630
152937521
49440671
225567075
225377095
158443929
218139579
194185814
225128179
224464890
105013234
89535951
222089996
217369185
70116472
218718046
202684190
192634336
216303313
117511655
80349809
223191886
220067697
60044593
95276765
222801398
46086775
43204931
222132835
222074939
215071364
221873675
221805041
221765137
217123528
221506543
210660181
210929424
100023585
220789792
220804907
102164368
220763374
197641787
134894143
220002243
205164743
219925870
216386305
118416710
207484178
161426249
208357969
206348196
55834106
218182246
64229230
154947470
152695214
92528567
217143289
210521629
59827241
216978487
103284912
205842061
118123211
129601868
44172012
122360676
213963259
109309061
88896415
56708681
50797028
162846726
86151727
210167127
41435254
201105924
193923935
143660053
74317409
57284086
201176636
112726225
200976972
45362128
202670756
204735108
188684207
79796964
123846795
198080598
197694079
31708501
57564256
200970974
202326233
78933384
32629501
182113690
135198150
197022856
92753595
164980749
91437162
67061536
123186157
196764929
195120011
159442285
149467457
172373782
41697546
183721860
118760021
164212330
84301756
143508616
185799293
191570980
35234330
166251136
169270226
178470150
117271898
187868626
160176951
173372723
64738440
39816227
185823868
162800745
58316479
50753996
186809781
74119907
87162147
185646366
171147638
112044195
184398357
182508730
183663195
182110334
62353626
67900576
179756277
130874725
111360424
90739442
179574182
62409729
177365136
175926377
145358417
89982044
176523911
140775933
106700443
75030049
26816155
67730228
36081795
174301701
42482964
119957870
99202346
173061992
169328013
170737866
47598746
36041419
48560345
154154396
51243269
168135709
66595937
30903350
163783982
109372987
165372284
106160691
85313616
25535747
117525979
154237130
160682790
160044249
157996373
150828598
133788032
145739021
93733200
36365826
151836703
120187218
153361726
57305501
25618953
101066912
149167991
151805391
93644057
83287718
111470615
149915159
149178116
100015111
92045670
144454059
95882371
135525510
141633999
114524248
132045286
52716367
139726893
139253561
129585796
113288329
131549301
95080802
19029195
61442450
137652368
120117876
135193043
136605373
111979517
94416034
30625538
135424095
101095083
130492670
89988540
112195328
40655155
73080510
133652388
81810798
86055294
132655933
35114617
29204303
125448986
84457956
127805363
114047318
131253031
60874790
131039911
105722078
84041097
99529882
42245182
100076595
128209725
100467124
103412346
21530285
117991751
123349354
120228615
91804658
40544820
49848883
60702404
125019924
15458801
6902902
123425448
23939838
27118067
30190465
125739636
114811710
125366294
20306509
41627461
83547391
35184395
103457902
54572718
92643704
43805637
87403278
33929822
123898832
120080579
95158217
119849513
121783562
121618740
122684707
40207247
22625741
113447474
28846267
119079866
33162038
115409483
82418211
93194828
71587675
106451742
21295797
120498768
88338007
94490452
22310732
17229719
117228588
119668595
119864030
111750798
6774702
82317068
18075461
54969409
109131847
24814582
18236916
77577656
101561812
117307329
15521802
118030307
113479589
117716411
84284112
95249977
22085184
81138573
53449315
81514246
90401536
117321551
42859281
48810840
45227230
19444833
70561358
74210906
92274150
49683477
66508624
90933095
85164553
85890875
70614482
24730853
67938194
31397561
