2659232148
795049514
200283690
2232402506
559765525
3032767925
233187123
395457401
818616919
798842520
3022258018
3021212685
56315161
2990325838
2243419168
2800565553
3015657622
1209182377
1673837060
3014712503
1002781165
2768766262
965991656
1555607070
3010635291
2930514970
3004329556
1202448877
2961899637
403318878
2241118736
2776886597
255111780
120192290
2994037863
25507407
2307344967
2981457670
2589942650
2935263738
2985633539
535086436
575382813
2984542401
2863667709
2330727082
2982968009
2981581138
498705760
350759539
361115763
2972775202
2784559712
2979713903
963163291
341490573
1653328998
2939357752
82116752
495239011
102149265
1194511838
1617454266
2972112143
1567932114
998971880
1013036407
2562576611
498092424
412565678
1024155283
2964132927
2418848799
2963647450
2962539089
404838075
936927667
559319741
2865892264
2912917775
2952182050
2949377656
2943826661
2942120637
2940597214
2935484339
2934994216
2793862459
2887234593
2910694942
2929391903
2932548773
2344924050
2928554896
2923148025
588123343
2904182088
1367745757
1303773955
2919502295
2915842385
305492643
2758449819
1553555641
264114368
267802367
84441245
375838349
2451714978
2617773640
1094547409
182087276
2902254797
2901879052
283511893
2824703037
2899747593
213118324
476721557
2898973841
2563813115
74447918
153414318
2893796002
2786928202
2764264859
2864126291
253643378
2890602297
298035729
568513100
2889303701
2887802577
2888271875
2882719048
2884408444
25845363
1920874898
2674238209
2867665311
2587315168
2844501042
1115289055
2151422771
2870773491
251181523
2733627855
2864553819
2777956090
1283818818
281530171
402692146
371731515
314275069
504718773
1071097484
2783977349
2856498785
2855016856
1179965485
2849504723
2880620246
195334211
1112374542
2875228002
976080877
1189645866
316688021
2867884260
85886688
460585367
2862922543
2862825798
2826262765
2790954381
2831737325
2830485057
2704619064
2828224463
2824858857
2823608027
2819639985
2807961549
395816368
2800541877
2798073377
2596830696
318896924
2792667459
2787747665
2787077117
1070301439
393278451
624822372
454858892
2778249113
233228551
2336515839
2813733888
624188374
51088367
2803886514
2762193694
2727281101
2180594475
2787935768
1261568466
947453371
2778754376
2768117648
2718674412
2767329300
2756382387
2746504404
1887269714
1426161576
2176350343
529631840
2762445128
92945160
1702362768
2744872689
2658081635
2745407710
2744268755
2734001569
211497554
487856337
2739324767
2736457162
920934344
2732811455
703477162
17423415
299800072
2693644836
2692285242
2687941670
2685362192
2685522008
2685163260
2684967116
2725104917
2555974739
1159744620
2723164727
1099778648
2543339879
2611314547
2663787331
477045979
2598718731
2611770136
2647660615
2639468424
2347395615
2679928031
2695469577
2611574731
2689112249
442980823
2603345472
2602408098
372953935
2595555266
112688405
2591924833
759581029
2628928259
1415342520
1621634245
1935198571
856847419
2557264778
219250495
2546321190
2532671095
2185043142
2519985456
618317204
2512907712
2512347510
2505457140
2510286325
1017531702
457622450
2497232594
532195371
2544877372
706078796
2534942255
2475508188
2473686986
964808647
93190553
2517187839
2267906858
2456980033
2456852832
2429012797
2441672383
53029280
424579165
2365323609
1519895886
2407647163
2471919749
2472561219
2429381034
2427115818
455944931
2420472178
109495849
2376772314
2419547234
122996022
119524297
501126996
2417821740
2414024624
2411506344
2411462071
1443718572
2401153878
2425734519
2401709875
2415717682
2385704868
2403080788
2383455392
2220268765
2376997178
2343213510
174516969
2178653668
2365889635
509932755
2365286364
2364575994
2253988450
2363235997
529427433
2359823058
368561294
2346974216
884677843
2351495670
2350180681
615037389
522214051
464899571
2348166132
450945785
2346818587
984569930
275640694
2163288320
2346556278
2344904124
153858517
370335859
736825602
299923208
2339918569
979220299
1443381462
30317736
472063155
1681019617
426787663
2335528076
626384441
2335510693
2335182548
1972361082
370963895
2333950446
2321712471
421987465
131842170
2329809948
1361216040
2326116732
2327088883
582607798
2320774148
1671630356
1855381754
2317416865
2316185455
1653143503
2301579553
1433167051
2312428952
2308524594
2298029932
2299771475
2250666990
357740962
2292284902
811596637
1196877174
2283012187
2286760786
2152193620
546147800
225009620
2252432752
317407102
2288338740
1022952966
2274045859
624147924
2277971689
840159067
1227820585
1875890640
2279238625
123356625
2264489776
2277857935
1513128708
2258177969
2256876502
2269102146
856939806
253075884
710907382
2266482836
2264778804
1706968064
2263332200
2149420543
97071989
2255348323
248217313
331756080
101060961
2242323834
2241200185
802904712
635989069
2235932690
2234897167
1092764438
2233334300
176199680
868569703
154893919
2221960568
1577319654
469143099
2168637268
434181657
749112372
1591255514
2211573067
2207289170
2205322938
2210451746
2191540841
353858905
523568946
2190282597
2184600201
623683077
566245352
2184795423
783159414
120588822
2196468426
775563980
2194639250
133259525
2177254041
714691804
410693893
2188206558
2187356749
2185392457
703228473
2183995963
2183366502
607840698
2180696720
2179694388
2177072292
1877166883
2174258346
2173897290
208265552
2167200464
1510282022
2161625998
2154772869
891909739
2150749047
2155282572
1214971465
2151682610
2149775025
554318066
2149768700
293043374
1979153696
1978868960
1978474230
1966868834
770691554
618502723
104287453
1356662443
1963062032
88981230
714816418
712738349
1947617473
703914850
1656383845
1900861692
1557834054
272178855
1923675625
1922548520
1918199700
449972699
711299707
58831677
159607062
1869422222
1909321158
1243745815
1905159038
1905065508
1900422416
296711904
341462522
174290550
370904428
1869605016
1869624235
1603075158
1732684279
1857902832
120464235
623977868
1850511716
193381823
1729348021
1710569168
1718890550
1657644614
1669684363
1662371713
1702292971
119857605
1581548204
372196436
526066875
377970537
845194434
724399070
574409192
1432538124
941395602
1678827374
1140891828
40942963
1674396674
1656303980
1348695056
1600997700
810393890
1655284892
1636310958
147888928
1641507674
1641171313
419260194
247383677
98602883
1344709368
978622411
1600904917
1596870762
354759732
1331958055
303323154
1554137934
492989675
499571580
972788862
836149573
1130878477
126567203
1565781332
1557789438
106638276
392991899
1557215646
1556193864
256654487
1553208674
1552976150
1258397472
1551303884
1549448161
1514285976
1546940846
1051649042
1540243842
191447161
197264574
397665520
1538068220
152678115
1026008934
240406251
357515855
1535924016
1534571526
1534345158
1527865760
1260075378
320264920
1523389778
1349026694
1510229574
66955857
1509982712
382636467
467695349
1501984322
1500815490
1499022216
1336323714
1496175270
1095140396
1488814640
1493863242
1483137482
1491524568
1491389179
1491120452
1491084445
604723173
1490229824
1489977326
1488204139
1483063153
1482068437
594715030
1480689342
1479628578
1478295698
1013391758
1472718457
226584749
1472083027
1470477686
1470090008
1465154916
1467604477
1467047221
958333880
533554201
1465354122
1464931705
1313295470
1462780688
1459929422
1458901416
1457379588
824147526
1456850269
1456212686
1453723164
733445784
377680664
298959574
1449701700
1449156522
359421881
1443903385
1385486930
1443658736
955005878
1440776887
1440758592
203104121
574349283
1394265248
1433725230
1427541284
575743746
182859976
1428891168
1428536599
1427595427
741207066
227402742
1426157412
544083695
1424132185
761239296
123655239
1402245098
97932030
1416180276
1412334745
1411068325
1308647750
1408368726
1278565195
222532271
1128267728
419796723
1402720081
506176275
1396781300
1397351857
392992320
1395447324
1329026910
1394660394
435869949
1391384179
1390304544
1389945355
1388272544
1386799952
1386558073
1384940790
1377495326
119874851
1382964690
1026472236
1380506959
1226268158
594045119
1375390802
546317577
1374107082
243852613
1372028581
1371467317
355251068
1325184956
1368451400
344603446
1367909929
502006250
1356597860
1331712978
1361557873
1247365141
1353502764
527842311
1360022035
1131936883
1356527191
1357741676
1323065965
1294418197
994837867
1356614467
1146497209
1249497986
1355164902
464073350
1347497672
221757832
860284614
121419115
1298547212
1350187844
1349605645
438553799
1294746667
129169464
1340024413
1246319582
578883899
1219371500
1335386689
1333685047
1326685987
940781779
1310002614
394181446
390790527
498463863
915077972
405052012
1327478509
1327276610
1325308873
993442382
1317211237
1321127395
1320209977
504732494
1318818025
1316987246
1316178152
1314790812
582112836
1309722330
1157660016
1309792363
1309021465
1308130178
1307732083
1264692084
303648673
1305080694
1305126926
752190540
1300458361
1298726078
1296384619
1296904490
1278448009
172445119
1295442002
801916093
1291423142
485108603
1288795050
1286370758
1281622068
1286017435
312895977
1283717167
1283253523
1282796046
318941715
1280330520
790907448
496116075
1278368659
1277664810
1223188662
1274643788
85672913
481116380
1270867868
1241254628
1270670148
377719741
1137552008
381402220
1174485493
1265351522
1241935754
1257979789
1264661750
84592946
1264013096
1254033336
1263938934
950288574
1260239683
928132580
1255348716
1255890764
1255729934
624992307
785382200
1252652827
1134902616
1243462376
1250431106
1134810854
1249412862
1245105247
353724145
1246757156
48236347
1244722130
288679718
1244629165
1244289139
1243958064
1239491113
1231058136
33181840
1238752657
1238408695
551331855
1235713806
309760593
1151281663
1073317777
1186217738
1229311146
1228218745
790180610
1227785557
775205714
1225546279
1225495104
1224059276
952757534
408721412
1222743380
1222587890
1221174991
1221324391
81960790
1219836343
1219393506
497948835
217806152
1200343794
1216248787
1216207784
1201998012
969836120
1193513246
1210323156
624280684
1208385672
374574603
455224993
399346123
1193813244
1186933009
1196337840
1194877038
703078638
1192742292
432714833
800132856
1176546798
1112146676
370665061
1183576278
1183085186
1182941917
1180241839
355628573
270606725
1175392964
861875346
1172286493
1172679205
1170327798
1170210235
975679542
1169281250
598573910
1168498525
92376703
1164106093
1121882941
1153795740
1147730461
1145692459
1132417074
1140768973
1140390182
1126379923
543514851
1042202700
563719089
491559470
1091710501
455880959
299883801
1111003746
1104400052
250068600
1044299647
1086786781
366753469
858349873
210747420
627217519
1075029578
840274050
1069070012
1066156987
1066185595
51559382
577074512
1035255534
830188298
1034474834
1033339116
840235922
608962597
921908940
507939837
178099813
825973957
1001658678
