122670639
17439012
203584552
1566562500
3026217703
3026351240
3002528905
399599978
299896810
1420271250
1952316319
577884364
392332617
429253328
856927897
3030883459
2983884847
3009989223
3044777063
3030469771
901628359
1024340330
228675928
2508607506
3030258849
1272641828
1454129113
1280543365
244922927
98318866
1712527566
3025072710
2849808886
502740910
3041763100
2230908129
137620611
2227702275
3042121563
28777760
2971552289
1938712128
185563823
488537148
55248668
1381581482
2613608820
1363072352
2249479495
2813159972
497847744
1425561145
34673211
2521465996
29334049
3039372959
2445755058
1160648978
62766535
32354751
2438965086
423494075
2675436640
521519341
414248670
1305704462
2552697410
2668485453
282250363
754190346
121100797
2621182787
363117859
416271679
820425632
2887998952
2437392887
28565356
3032282092
304033201
2781562125
500117830
2512114270
780780540
2987539899
1002356197
392954063
48751243
2848422225
606287903
1602885716
549530396
1470461510
461876529
701807708
2242216220
365449835
326506985
617151178
2152956209
2736962824
2839520635
89645052
613441015
401619992
2674150700
2765886886
1464708924
139455309
1041554101
740789228
1962818377
2464838958
2591137886
2994520360
2938431971
3032255829
3032272929
25541004
24503047
141473047
2938407795
1267685035
166137946
455599889
2875172287
2994031047
282602321
2786697873
2873897090
240844999
523514263
1954124749
2938298157
3025690647
1904329136
2734261037
579142284
2484386392
564895585
3016725685
2956542275
2937457115
3020184069
2799408852
455973387
321464202
1544298397
2416059642
2349888037
2343953185
347179402
3027989452
1683679687
114011481
1101503546
430518118
2714076942
701362896
464450338
3002775851
301635072
121117088
171563551
440919503
3001680279
2887735881
532066732
1172179340
3023319712
3023691971
1193182717
2989644747
2535612616
57784088
3022105156
3011548080
526813412
606301641
3019885276
302223002
613361417
226650243
997502256
523447577
1907952464
1346846064
2991315368
516879476
870349884
465853734
2994732014
62299841
1280362656
2332430723
3019725315
1067019943
3018031048
348455173
129320225
2909158210
2924508255
2989405001
545369438
2387127133
3017423361
3017224911
1919184403
2665260882
759399456
254095231
76986618
174386927
860066545
2949344217
2894500030
2881778380
3012726166
2998813041
391477476
310759390
358075587
50568049
2892908212
1408403210
633150273
3015158705
2190625793
2623815388
2403338629
2740288546
213600389
872326476
318900302
2740290913
454301959
1299648973
341146197
1582920350
953298289
248750263
2809773945
118123033
2679703094
15041097
68768601
2531559901
2833708841
21160274
120358451
370017159
717823736
2255315570
181002404
2977900642
2985534106
1621201080
3010428190
2232923959
3004084816
2254921612
3009164590
42847194
33600701
2718689307
783319033
2969739729
2965943177
2558898698
2789447592
2994309029
1065385932
104482727
562389417
342445987
124591057
1080053329
251252678
125007296
465249489
3003168155
2650740203
3000904920
2841904889
2815162946
778087945
1321165716
2965691177
3003303508
3003216029
40398056
866589829
572737846
1893107718
2993901735
2994293242
1091725231
1409654443
2998255524
3001328687
2711801864
1363865756
2408712427
550945404
36583496
2844088629
2999865184
317057336
18217230
2896051095
2999622407
164990643
1083200664
1841254718
1664658288
1479623586
2995941154
462920232
2578146546
2561419896
709806098
131121996
403999844
2995684517
2799174302
111069603
2984159777
2951870474
561808630
327001101
1142724668
2979485679
2977788538
292992552
947444654
46410233
2194447560
637012992
2966326133
2968262813
852678859
793531933
2574777013
719712474
507680274
526679483
121197167
2816311396
2993080510
2923803453
236341169
2987220640
712626505
2992305719
716412271
2354568518
112677224
375762278
767116404
281275224
2971689269
1446460646
2355489576
2977922919
15613050
2315778770
2973046763
2899859661
1442356740
993689298
1040488489
1472632345
1452758287
511598599
1638103579
823263792
2786198002
522681800
2356847520
2970447022
2883280215
2901706243
2984053671
512085228
703331792
2953016235
2879381248
2973048893
296263494
573901256
2986616260
409556006
126273296
2780508832
496860814
54723515
2580875114
1033187251
2878081926
2880621074
2789101611
2445354120
619457974
1256878490
1652918442
2874051940
2509609115
1276093904
82047611
298055774
1448440212
92030224
126432560
1109241229
387775582
170966877
562051365
2978509858
555941743
2151687522
2988704196
1164203462
128498402
2974465881
1158586470
2753613329
1618342458
62237150
1608651614
2975327842
2970536667
331512609
1010791608
2838148059
2960310927
457418326
312290851
2968351282
570090807
900546602
302249555
2256908337
306187234
119699247
2909405564
2968056203
2937585280
2968221928
2912664731
394114203
2298215377
2941108539
2869319566
1104338030
517685115
288758143
26207334
1900561309
2978568850
81132791
1719484783
2848616644
2974895554
107133367
972481729
2561539392
2817869299
251719018
161351302
267081650
2976946191
231184926
481263050
119822404
2332166616
453823605
125113740
2804707607
2617914465
869945432
275908865
591051427
498089660
2394858306
126620800
418584350
561966627
1541657047
1499205571
2973327089
2964883714
581271228
301968745
2971931015
54551048
2966044229
2243928888
2971416130
2974476256
2949579701
542023141
2852373537
368609353
186572737
1052987706
2954900621
307364337
2972217159
962480275
2943751293
2274202178
14394392
2970264483
833086230
2958257746
1516650044
912958861
531691620
49290358
2972312943
2968000101
2972178275
2970259048
702914100
1577318647
368893569
2689960840
222783568
2971095059
733494979
1053450606
2970507430
272013199
2970363508
2776138476
2970206889
221880797
1292227040
43923218
7062382
160662677
533367382
843063715
291028480
216804722
872335634
2957404305
391201289
391727735
100027356
1228369586
104136175
64810886
38674965
1346724744
2969564566
2938093487
111016094
2908446628
813179401
139258000
2915994453
418920592
2282160411
264143279
469752757
2968107107
2967867814
39468567
83250378
2890852419
399563647
572642444
248242425
2801983695
2581007722
586433428
991650290
830822076
227671978
65791992
2316871753
393614058
2932706231
2967347128
2806056018
528839025
2231461664
1282448533
946451684
894026972
97671568
613805961
2787218897
1668983432
39254215
77436770
615009630
601718261
181306994
353623982
1078065475
2151093426
398339584
52076631
434357778
468784204
1145856714
387718296
2965111905
1951851145
2965039168
2308241294
2821171702
278944194
2963943837
1079839862
2960350654
2447271086
31487170
2929514685
1664809278
2866260167
1337940816
1727829781
2577236600
2829912773
142679801
1860728581
2958510701
2953396017
295352370
891674155
2955958749
2888552111
2952907809
450022972
586395652
92336948
2953759636
239145704
396758313
2950166439
2949357592
2949171112
1648327255
2948607556
782773262
2946587523
132147753
1338819234
2929419137
2945866607
1907918690
112986327
50998933
2490466341
2867059143
2165553635
2940236907
2178302729
1704363038
2169562704
2941985543
2821338707
2941942227
2941038615
122710817
2935853891
457010895
2719782515
2922964594
2939078224
889745976
778523694
2938633827
2938520013
2938562830
449164670
592616570
2389628655
2912488737
2816335191
2935865746
469691304
895241232
2931724163
1259126448
2932730741
320587067
443655254
1230406836
2314411711
2672716616
407285643
2205923114
2257318384
121150346
563665675
2932376459
2904952599
67583883
2305955079
2545872514
1011721357
2929393839
456466206
2924765693
2462502165
2931707913
2848191341
2922901751
1865004853
236970303
2799998325
2927411980
1539417691
165538355
2930395324
589978034
1315255758
741019411
104865426
128176433
627368317
1425902780
2927066242
971950916
2924719139
2197714839
2925942443
2899061747
2906649922
2925028557
250457204
2924780499
568057045
2759906795
2621687924
465952989
1561405220
375745340
2923314677
45805162
2922756760
771662047
531600323
169072149
2921758433
2897884833
310597931
1882238588
1239745022
838547497
566585145
2446707648
589829922
2818844068
2238685116
2307800663
2918484009
347082652
1287197282
2918199423
2917302640
2784461718
1156735398
299822096
2544085506
2838066611
8931822
613671224
2875123293
772927549
143436571
2805714189
1183020457
2732223795
1156432706
2364671654
1314985591
1315311865
373949450
2904370120
2907641548
2434078039
2909370484
2909549932
154620021
2909422919
482818771
1314171612
2510813687
2437300020
1540441844
198475825
2351838967
2510318693
1333987392
2912435482
2767143070
322781330
1137689076
1270071780
2912530109
837211584
318703122
475050109
2850568448
2688105000
1534552471
2827549200
2909479685
2911237840
2911716808
120100937
2907745907
286306253
817432946
125420265
310338917
600186913
413126523
630277219
2470719552
2908529199
94044161
2908125443
2907939977
299293478
2907713152
848298872
42060596
177521950
2721430790
2900855781
1843981238
326891081
62043283
1412928620
2160096568
2803987724
316463057
2905580206
81646497
2816944098
995803818
125326697
2877692188
1360293948
727726723
1562981473
1040002238
1673826720
2897197978
358335865
18388179
2867301189
325517086
911088558
2904137129
551321755
573530326
2809529013
2903409917
2901278637
2650550144
155629337
2844426360
100204586
37202258
2816284497
2169710043
1330105824
2816318326
231510414
517802023
2816351260
2901207701
2915546426
2802121749
2801877713
2875983156
393443054
2801632768
2801629588
991135860
573368227
2836915074
1024947360
2802149967
2801563911
823154640
466529705
282546262
2192152392
2816369631
1726823815
2388673866
565462059
2801621020
2801610670
1635384439
414095699
2871058763
752591575
2901553323
511841759
2816401126
187285303
2816334647
2900552607
2901054731
2802165628
2802096927
2808293854
917487554
2819926745
2816316003
2900825673
283670486
2855552284
2913896484
533367851
2802188074
917397072
2724109198
2677727132
2816404193
2802155799
372756968
1938890936
2891833827
493336233
536219962
2329953641
130801200
47974510
1311573692
2692207884
124168066
265049920
2578870291
2626161795
2436292481
2900129249
198393228
2899327834
2899385411
1575674221
2190420493
2899019651
1490013158
305681798
2831386527
85838947
2895651507
1465767128
2594830614
2892342472
2897416967
566224736
2896570108
131833394
2883123070
93055836
2175652463
970381892
459449300
1361383262
2583740102
1227768882
570164198
449627066
33485874
2894865629
222774692
1688356028
2859550539
53089620
547182231
2894307047
565737681
2894101911
1485157406
1053404712
2549831972
2534387765
186118233
2689597627
317120487
988875907
610933993
1311547640
1286695538
1070526596
2206910407
2541323052
263337960
2874916211
2742158576
1313828966
118649830
1548807439
964709293
374631407
87533216
2891299575
2314098595
2881791617
1295656081
1678675698
2824956569
840065498
1311589650
2443636268
2357812824
2871910196
2871900165
2882497182
2854232751
1941292633
2870297296
525770264
2805699687
395365790
2741803680
318367589
279238595
2239360327
140835142
15363984
2875353311
881050374
2289484645
2887958830
116576304
360511070
23443511
1008837896
2840412425
2885633223
2385085621
54835512
2890406357
367718573
207174878
2821615163
128927452
2868896615
2704956149
366553643
998226979
346382968
2530575867
2221379404
712620556
196733513
2884054517
2177009093
2223610095
2358704173
2216435079
1968634308
147603027
2820608772
2532410926
2754630256
97439755
456827578
1579778960
423462528
407298595
456105903
979202922
261531025
895684680
1720188690
295080480
2433575270
1953679153
327611349
332888026
2333340820
2484295140
1039708742
2727455272
2756772871
2766495719
2885602227
285692888
113285294
2596554607
156372683
2858577875
303970503
2841664483
269249541
2838506483
1252266824
2857021204
1382132497
326804018
400804769
288428369
546951560
27522014
2882960422
2267535416
2626979016
2882501213
454934760
2879880688
36010794
2809356617
526625402
2869037945
299861654
2476036694
603563901
573823721
2881556668
2494288681
1365361874
64406740
312580932
46646291
562278471
2828257067
1172807473
2404557303
1061126106
381614563
2870218498
2806170821
221713816
849364064
741000938
2382691609
2874780478
2775470151
2877145504
2876982461
1868703464
493324961
2541464796
2876395792
93368199
918856369
305783924
2756038413
2869425267
158908926
2759263451
2819166945
936534787
1207984094
2360013170
2645253354
2814978288
2610352885
31372067
957241380
2842319264
972299916
2832487325
336608738
1216895545
2361928806
2819523755
1190418078
632919760
2870576188
1326381468
2799855754
2519555025
2761638411
993539778
2256483501
2470689120
2300497376
2869009150
417763188
2868910391
756828685
386242952
570677356
134552408
2868018820
1685550008
2436003696
2867366002
2866753510
455066444
424792869
945693884
2865857122
534787134
769815859
2863001919
2856528329
2849133130
2859669653
1419021956
470576234
1449293299
2400521710
1385733762
974727420
2296577917
2850925593
2781969078
584595061
956492346
876574417
2459516136
43163059
479661580
2855767583
2542749467
1533651481
2387740957
2724415979
2815441669
2251915527
558738367
2292577933
1381407812
1857240445
87472745
1707719954
720052340
457444998
608715185
925068894
543626805
404312682
518885559
2389234096
2860589542
2858949664
897533108
2846457545
2525403070
525429842
617179114
471817963
2816694917
2842562543
2856889515
539957862
150763243
2615472649
2857416082
709434084
2243834147
510309181
2850931703
2354963040
2574561804
336990621
2855286335
309380057
2771136923
2854618739
52060679
177597478
105110786
2846674517
621650388
2848476130
552841387
2233581246
114397734
1546248463
877621508
611730059
1115711682
897758257
2827560665
1482439428
2849778040
2336497167
2379600361
2873227352
2265421630
2693347160
2801372376
2846965720
2848135229
2879929118
2805894914
2711425440
2846594116
2773351575
318018823
474347343
1169215555
2169667183
1192774070
2517744906
2846447597
269261568
378480926
1905030912
1683695172
257924683
2844810478
753264722
879685308
2476788259
1100497160
401425211
1428863928
113620994
2844809488
796292659
916984506
121222870
2875550892
703898458
2841920380
390650966
310949854
113144632
513434227
2875131308
47362652
59557214
2557277965
296447650
2842705665
121400761
2841335752
2716694855
71798891
598494850
2175819108
932158394
429231671
2277254518
473723262
381027711
2523642241
1699584722
1216838888
2206468697
1223060376
2209320093
745544864
2824770093
2292115299
2841930436
1307184043
2839904007
2873617255
2873614243
2873576244
308006636
2869308626
17622987
2484388830
440790132
2797808517
86355745
1879904556
241108187
915149359
1356920209
2838071183
34624390
2607164877
2823694157
1132046556
880793946
2779308526
2653638662
2776085074
30319116
371175481
2672710505
386095471
1971174252
883193232
766209463
1305301668
1315271514
1314200778
1308604094
1314211856
1305360354
1289189678
1296745434
1306966166
1296493332
1307065332
875103180
2521319409
2600123307
2751632498
1290774794
454860997
268805813
250765131
2738562459
2325280764
469647578
1461555012
2209424666
1700131710
45925222
252189189
410731476
395371792
448056476
440290289
1730802594
1090107421
2450110914
305490677
2355445406
856234015
422072523
1647576872
2603027916
258853831
371260849
2839658939
2802136983
2499221887
454201518
542675438
2611950441
2189293373
2168369211
2227613092
193872893
221470583
2839954168
422717392
2764958093
2851222742
2191610969
541736273
2585356096
312086478
476040654
1225811636
1124561220
1414854156
463933085
805117110
2870911010
2721117994
517568767
399406912
615968469
2266061842
2839901499
1941607531
2492168956
1316161626
252545514
2534523354
2347210369
2513643663
537510726
2716809009
2870161268
2769974348
2870170262
133520400
2509548238
2584695355
1472516654
913564158
371969063
157140240
2641444979
363686398
63819649
2839922627
993795842
866926897
92802253
1920661315
1525407260
901594986
45634773
787318556
2701465820
410679250
726496242
2674811370
2528575657
1722066168
2782566571
866893285
1493809566
1396703203
198432991
267751089
2286898986
493177119
2178767686
2809450628
1539243282
937800836
2761752289
1744105196
713539894
1385765226
1471871707
429972396
301618800
549503271
306833410
1642598881
36994627
2442244452
2829955189
2468976242
1032609728
1705615692
322162014
2261583090
2488321544
1589261988
366977463
2627945380
120784906
2561633278
302628910
258073508
1257586142
1665916632
197779210
1850978430
108570813
2839428497
205747796
120484090
1688030120
736329241
2861943860
2838735718
2865955429
226578237
27207583
2615001524
2712854046
2837970586
2866636934
210100489
2653551648
2184627616
2305521520
1379433770
2837320252
69255422
2837249627
2411241657
89236883
2723748132
355818936
2862662748
106738148
612580804
868101408
2387910446
387881480
750175352
2709741252
70622460
221661412
2820274853
273037735
2819281097
49434981
2718660478
122394817
138714546
134116598
509317130
523342749
480730486
334199031
311601642
82175125
2834836144
819528012
518529811
2729286208
897486768
32629204
194049840
300519983
2720391312
268801961
2528119261
312804476
2827734197
995891750
2267891844
323136153
228343322
2219066667
2829413963
2748396948
2850994596
2340473641
129576331
2785249222
135070282
89481974
1219425703
1973532145
257024694
494888547
2166245093
2827015257
2836795998
402969789
24787343
505077699
275699789
325155759
13179842
167508669
2557287302
2476740248
733652185
2184908053
63472831
1083714480
464010482
236751579
2805628042
2822908215
581794253
119888997
1158050653
2825840265
1209294049
347839351
2794155167
493263141
2431888272
2198125268
2558615154
2508628149
1595749056
79330940
122802756
163510201
521353384
337960235
2819629258
2826264314
466967537
50946494
2824443620
377455490
213838670
861153036
1657434600
2801614001
444454591
599310301
1466777178
595546963
2828817378
95689755
2805830567
263178379
2524710420
2747490266
1446789241
39035259
1690458080
14088562
2807124943
2811587697
426511803
2731221026
546673777
374185706
33601039
93691661
2809872201
1010978924
1391649684
223532152
523367863
2829948626
2531602367
2191015850
272499272
95755426
1227270006
1568416826
66203579
477893147
559614514
1615174662
599121229
1630197834
808786896
68947757
1853804988
1227524113
561992546
483111684
730473865
2586762831
2797665165
2267787697
586781914
836426066
1292459060
2274220142
2752587077
1530110448
1021965511
407908127
2726841809
330286189
2172828091
11313102
2831636624
406546103
48634527
461430486
2771464606
122328401
426001248
85553204
1108614955
2829557792
2791356574
174050336
539495565
102535819
2807347502
2785148595
120435932
451406794
1013639240
249806137
2578003389
1040218734
878037823
1056272071
472914349
2322575310
122770177
873649380
1302930774
1222412173
212728935
2444029334
1017880429
2343377665
1435697508
2690084526
376770071
2831352842
358859292
152720911
2829017797
607611470
2829456848
2772045531
258607131
118909729
2826044376
499024366
188713402
2688562784
191274647
299086762
2765470545
461157433
1219237614
1961121589
2637107396
2458433254
2780418725
141160027
2690249264
1695890473
2805464305
459727191
1123183692
301701858
2718117573
2822544828
748835461
2822384108
2755001750
2714634508
496457632
586611288
866370128
2666960506
1934734237
333276899
547031681
2756140366
34570323
387754409
2772704962
2775681039
86941527
2247350486
2775431932
2721124278
85381200
2816626608
317952886
260970438
253072722
2524361334
2792251398
537506302
577497576
464856216
2801508740
600072719
1357800744
214922304
595588487
2362908996
388752993
821890015
2807686136
831050563
2644047100
388478805
2545313350
1190688834
1693690165
252729841
842235259
2812781486
2385292099
860285238
2811032744
229237921
80816330
541812596
2381986338
717490010
14658057
715231807
417274431
2809753453
2807636328
129443646
2548885040
1008988093
418711069
19067740
602541225
2495044798
732200694
34222231
1522667107
2209485030
2411278280
183769636
2437037068
220678937
2305143739
2411028129
420483087
2802957229
85040540
894242274
2765727419
2600029832
1241847696
547149705
1347004902
524495251
2732553528
97684276
430589740
984724008
2762962661
1190492510
2360810809
490724082
2421908264
1395285132
24777545
2299014225
2776985768
2497051104
392148001
2757983291
2790040495
403708821
2186065568
40203915
563795026
2314445856
425271883
599954468
20459250
2760184294
2522938093
858483126
415594401
2782325911
827205415
487605071
565677350
25094217
1010521094
2296077447
2781473318
589911803
2742638573
2700855468
458718859
535730210
2453258486
2450296637
307905117
1719759559
2659171561
386449498
237439570
925419522
602761976
2278953847
30488624
524450987
1174998828
876187776
1435772641
1244289960
103031576
997561398
48138440
2318703308
257023378
353395688
501059153
2761630999
2512534754
799321502
427902892
411648719
20013876
2201270226
183730730
467402001
866999023
59737843
2378498454
2663382211
2747388437
2754800509
1853834522
280051611
548602028
2710709105
2748861351
54239695
2663269747
2729792335
1465546718
2746470919
202034518
2659831350
38442811
2611863787
50140282
2704573742
8363122
2659838582
388183192
2657327492
91746605
1257078847
2742556091
43081562
2636683735
347992789
103300916
2744307826
178382889
18196822
2587760264
2659875115
2532411486
94555518
2709818677
2736902618
2650533698
2734007490
1146194430
394066040
331017713
1732643402
491501392
2605676989
286072758
2650560698
2158514572
2739168579
480719020
2506781823
2635896848
974577685
2740266124
2650620325
2659799634
2245665656
1313818100
2650586636
1475155591
480741488
2510368735
2659851619
2659776944
750906696
2595094519
2717298470
106715465
541791687
2659656162
1951124910
2659272667
2650543958
2615738246
2647976502
129189922
522130068
343884304
2710133425
2659165844
2690979298
236085513
2448066937
2605067089
825689322
2647743602
2659707061
2650575164
1474817365
2284808840
2322902043
2329472647
1180717789
98174336
2375203355
2693733451
2498334476
2728349217
2368280130
303824705
2679682746
1571078425
293698969
2561575498
2450787280
243400306
2716707959
56387633
2535247522
2650613371
299653219
1914138078
359207083
524418606
1543014692
304899435
109209218
2362513662
267182666
2715347326
2178648412
2720435471
637352046
469697190
2637168858
951187992
179049686
1700021515
1451146746
1189659253
2639689232
425806737
2615244612
2583674659
2719815813
964752602
2472780949
2627223246
1531017590
983130728
440054986
143105883
2314718981
123978687
1389108260
474683935
520295556
2433088512
2311647444
1464687848
2666011801
2281847770
557872672
1541727408
2338177898
47055332
2712884350
970580119
251603951
2418748514
2554896174
2618374458
2640225911
372752301
383671204
2682988390
2715162334
2201663624
1861815180
330515639
58248814
1956205951
2653626234
910403276
2652463238
488191625
1852477596
1457504016
2648603905
1595729700
2160582745
322160250
243134910
2699676107
301540313
2646119101
753305738
757475726
554262301
1510846794
1035947186
220104332
1157998860
987341550
1893498282
82115310
217934908
2625381067
2618891059
255688731
2529271095
2617011296
2611339279
283615270
635536362
170288977
2608514179
970336334
2186897444
1018053392
1014060914
87474402
2255001986
2690088999
64202994
2690827709
2339126432
110247732
2613335695
2587534980
400038095
258310591
266634625
1690986206
1158245594
1002087678
725853108
2458518990
123246679
2598445609
2242460563
2469368621
2242822484
563950919
1084238065
2685326589
2199588498
2686040692
2209186466
1846576436
2611471436
2583592915
980300467
1011599130
2569755090
2684141548
2521618214
1089659594
2610361332
2672834033
177524064
1931822016
2608947186
594727525
2679783963
269434882
2603235900
383227216
2173833661
299000379
137713717
2600675672
2327738517
105423548
2599854126
1400546556
321160730
2526668771
262930880
484140769
931779961
2656300973
2539671851
2576473105
2459382408
2571037056
296130784
2649284553
84971849
46351176
234005955
96407068
1472873486
1682788033
410006373
2445314659
500121069
1478218669
35049898
1142187157
25730954
80410341
2587846392
334323057
2642040285
2588200681
2399361938
374365563
2537598950
1685635652
1140193902
288780418
2245390476
2583528336
47568623
1269624786
2585605429
321418375
2484683259
526383098
847436221
2293587029
85326869
88917249
2582569723
1398100248
243152669
2580931082
2219100149
2628107393
2523956930
2628040497
1254390422
2323138689
2626864731
2296748612
921841183
2626594186
257385057
585534674
83569344
2576762527
2397842822
104624458
200642688
133241513
1362057092
2576040545
2506947277
151870167
2576872021
215892736
2609668125
470911341
2565839080
1338992959
2618004369
1512970478
2266518601
2531888473
159124478
2464133018
504326829
387543232
2574874914
2574825967
2573737873
492929021
2618610701
1978319695
873827010
2571731880
55203625
872006706
1223022080
614234941
2571671772
1074338978
482758435
2571523986
528535222
1086506419
297960129
2567134971
1926774590
279635485
247078402
2459360820
702829380
2239862934
2569193213
2354887982
468895764
71644907
346531452
150726506
94604569
489148463
2543514175
370643844
96898777
1941552596
144543636
2567209831
422974667
2408915392
2560849984
2509429855
821842638
328396503
2462800171
217591830
592644887
338315087
28561394
471337530
2603360121
89542968
2503434259
2561276658
1072099530
619940974
2600279991
605422834
2527789230
1464847525
2559234066
2156339752
1068794636
1032572778
254977203
2580013505
2408835734
2449450412
209190031
244182424
394726059
2594681915
73384123
2343402380
2549757415
2547894206
2556390475
410063500
120033055
2591493441
606659973
393953600
2301717473
2550210174
2587800208
1477896169
585618188
2510374603
1390889486
2299124495
74965882
1455249632
279035328
2420779770
2194738603
1480547448
1128389491
2547712765
1121391882
151810235
248210422
2570400819
487540776
2228912383
51172935
2390647574
1880977801
769490533
329658972
1535103198
2280577922
2523101120
2506805517
96531711
128579065
192478515
1510306640
2529327002
2464907653
2436762092
98236785
2288723535
139681705
1660596331
2580263566
134435305
122673576
307082513
78285333
2578817897
2172577990
569420208
2541187232
1368090734
2537454397
53448222
266653948
2574403738
341501048
2532082729
1470174535
520728324
1026407935
2569005916
1618036238
1650232100
119007461
798816348
2531986422
566748447
499207389
845983111
2568797260
53326742
85282606
106554628
2567131821
2335470522
1050398731
919926606
757866608
44889341
2403806412
2331574488
863525334
282102683
2521771552
2380203163
95037722
259215342
2458383433
2565729743
2559634564
2559745679
2559646313
2559704602
2559575608
2505845137
2502183918
2516796213
2559398015
2516870019
1281797803
2523841114
2383927874
2541163257
2565101273
780877531
258471141
1487788478
1889498322
302877471
2427187830
426711330
966867859
2474244812
1318997568
2510583067
2561952022
829818223
18224661
258037819
1398654900
2560228943
2513276958
440647714
2512600404
194519536
2502341654
2513926969
2327833957
2155411629
2409275606
2391653094
1505528359
2513590356
919828008
444760244
2390309237
1425036894
1720288369
2501957097
625839969
278919227
48514086
2226695690
1601056237
2509476211
2508141409
2508053293
2496049118
538162414
1960622179
2437243702
2503240837
2498864166
82448720
2497146767
2499841968
2455342122
1895011550
1477515385
635729217
2498167813
2497911152
706771524
459157660
794757456
1265118223
239907844
1893540031
484923070
2331916875
1480299067
574434381
2496237132
2411239321
2495865295
2330936107
2267045274
1336623392
2547611470
2478102374
2477946758
581927569
78924343
87374420
380568503
1474578900
2491845114
484298646
1497629576
2485048934
2363671561
2471635158
2488331250
2435573725
458581112
548539000
2166819456
268367866
2370638310
2479935343
895548156
2467358305
308959245
2470806516
2354645612
334141609
2479873166
100964752
2249524132
125629785
2148883728
1291836656
1139823697
245989597
2451593834
2180922655
2336462436
2477352174
2517329170
1103792569
393343644
831254390
222713561
2463855116
920658018
400120762
2472840020
61362203
1127361433
2472768667
977139638
2467687333
944211007
1910367420
2303091710
2506122261
86532094
389672393
493548248
1209964550
459278411
2429250061
2465689478
412934075
2466572425
1589549342
2320513074
297013770
1009072428
971484876
299136871
2383491351
2367220202
2172480679
125793575
2477536403
246223626
259312126
2470618788
2305286322
2517043985
2516807800
309331315
106408275
2469068210
2351982984
2467609022
2325286441
355770387
1510527978
2313318823
2343429816
2467735958
2431750615
380509948
2473350759
216777032
394693943
2425390132
2188295527
1556395867
2241232262
2498084620
625438583
607375618
2321137932
1614376878
558757324
921449323
2506653040
2461404200
2459687437
1324014098
140161813
2505726311
2412395262
105767049
394035917
388718406
2363746322
2425530160
83147534
1973349811
1597592832
110793069
2459490283
492989896
2349161946
831886064
2501710535
802184762
2418035543
467878150
268464996
2301149209
164431417
2500295117
2211682808
2456777328
132637542
2199580634
2446114074
2204590776
2453192617
2451513506
2452819603
208442038
69386953
2451223129
463006887
1294935523
899961926
2176714406
94302775
2415798121
2449906062
1549961492
219614616
2449733408
1818604326
2443704878
2449330214
389077416
999584383
394074388
316982848
59588043
33673387
1492560752
1251876470
2446822098
1650903044
2446782517
99104789
2470145307
2435220096
2445274783
2282402106
2319097542
2319080906
2319063619
2319043020
2319020666
2295071672
2295062005
2295037764
1286729664
2283229200
2486971463
517800734
925789280
380413697
2283204252
2423795342
2283199134
2283195806
523029503
2362747688
2361137101
2283166538
2361084992
2283149576
2282398717
2430968773
372814175
500686491
82130952
52043667
948779917
438483719
173097516
566246997
2238950136
2445160399
446413868
1029298986
2319863300
257548724
475891517
2283215683
1286040517
2441312239
439956519
366842563
157438421
125300938
56418198
2268802878
2388885194
362705301
110605874
53917604
2369312880
2437398942
572486823
478441227
340627284
489291520
2435352186
548482067
2424153564
2436750182
421990851
1008965802
61138572
1893168542
2355226123
258870059
2247647341
424918696
462294380
2262560497
60596543
577471243
1204197072
518430572
460068620
1425736350
2291367605
1331213792
212996873
236095651
149450451
330417719
494099444
424501882
159754682
2427870447
344854190
404947776
188295481
2463358143
54538659
483949450
2347068126
109994474
2429540910
2305681377
328082240
359736636
1001276700
2431799873
2426914045
326031487
2420168234
413302683
31146324
1596113390
2363216401
1551016843
227405209
2423891918
422146335
134788986
188021937
974867370
1640611494
573643520
341584196
2447776569
2185345241
231010821
2163240089
563203085
635507170
822110564
627336876
364141928
2423998590
913486988
2423496870
448978435
599271624
348329840
234380513
2416141956
1652472517
1655437195
1585433953
2420738139
157708222
1110050564
34935688
583963966
954238974
912321770
2394520461
2365378849
2409266738
1073627024
2162894836
2411232343
2394928184
63697600
128080595
281140898
2420852036
125715757
2420573989
2420328536
1055473657
799058190
233474538
1835579178
361710631
2418976002
2417729352
1467943682
1319456503
2267481252
370840766
222074253
186348014
1390322197
2389773997
35184395
2305162177
121230985
2412775028
2407773877
870464311
1184704981
522114585
17646872
321488654
1538573630
2412543985
2408047217
2435196616
529372079
2407215336
2436297819
2411341615
85684445
157461612
143958196
495208507
2409329216
1969928970
1390847666
300069227
226606714
580787951
120047778
159964345
1512876624
2406818803
92269168
2314023298
478526794
397928007
2396493523
2421139085
345262117
2308457808
313290404
1261408501
363835683
1009871102
56668022
301944684
379135475
2243961245
2207709818
92927679
438355154
395382302
2399377144
255623360
2382351709
2337950135
1096038625
2363904350
2385908318
2288479111
2290056304
300125032
1317014899
387913839
871316275
2327242754
1719203881
66002381
280668401
916496736
405214350
393518197
1449129044
111098190
361914100
245524581
878117227
379235117
229453076
1462164000
36933166
857927324
2359914313
1302903068
242694082
120577443
1277636509
598198625
346759918
1526207834
2382291693
508113842
102555412
534524192
2397998458
1623009019
2392920042
248812884
977818573
2380372058
36120593
2391356047
875673782
1543159243
1510697299
345934865
1590737970
47721686
965907301
459147445
165668777
84190130
204685748
2270140326
481250604
487381165
2391270299
294069933
567618969
511582204
2383645550
928424414
555290899
269427254
127535465
435213498
2376982755
2286428913
2256574451
2390380625
2384217661
459555694
2383884463
2384036287
2383747568
2338098164
2361366459
2383458516
2161480258
47343972
2388493829
425722340
1070826049
2380489873
2397430084
469189558
1943662190
81376678
63957829
598222336
1326509960
701047168
1256752416
2365468015
201798580
366120925
139541782
1909026614
615576082
2369444039
551073514
1364484144
561594104
2190311708
538482140
587434878
615333705
537019415
2338590155
1672430928
2275066730
2373713102
26480179
1228014554
2373941046
370610855
1134753716
1178983741
266043536
1601111574
1845963181
479390234
347397925
2360759402
237867470
2371893930
2371641308
2290182020
2301922812
1439044212
1905386424
1323072486
2174706104
1103268692
2379722662
234935320
2370648774
2241250296
49695624
2370233402
2369343739
2369270346
1459385748
1457980832
1230274681
183244967
335580366
2358583800
201652670
2357841416
2367394993
2366911477
306996085
2367199976
265208556
2366980646
2366989993
1136323057
2366063270
447319359
236482687
2191896918
456567842
630341268
2364342361
1106996766
802168591
2250648230
150068952
2364241134
2364209250
92717464
156769623
138795283
127814921
53892169
472885541
1089088118
2353616024
2362729094
2164577000
1904796692
113071044
1359254178
6378012
172908163
1962916501
473960885
2361555888
189221624
2328909673
2358531818
1916556324
970986967
1658008884
857699083
150298021
317890407
44933229
2250710289
1596632940
948204948
490561425
20156754
1229494340
105248401
948927966
364456186
184962288
2211455185
1558411062
2264525793
339756244
36949505
1106426400
942397230
1379433385
547180312
2359301085
1218092166
2247947867
46696899
2356357609
149405584
2347211216
201165611
1858394226
489671532
426659657
877046406
2353595714
558325710
225411287
207903949
457424553
2313683281
17645717
1852483710
263085433
492296864
22475033
2351860165
259003104
2347550822
475943818
129392665
2351334196
2315273838
171041974
2324330696
2336927244
69262883
2347508147
2342504630
869857374
2331610530
2348443340
2283725120
2309648081
307976365
2347327022
2340146544
2258017868
536103953
14917992
492536246
346165949
2296080479
1284134743
45417664
61130758
2336329628
843269983
1712041478
152041277
1076706510
1909046227
153367507
1445892662
41328567
2341684194
212331374
217889966
2339868249
400254921
771500167
1015554476
2289880240
264203960
49071243
428544934
2340068677
2288991826
1728307164
2339048077
2337823785
991729622
1558928874
1077853694
400084368
2316763908
2180020542
468733147
419558288
1625265876
997616690
2335478715
620872877
2336397740
1470264127
1678191846
1169990755
2245295378
557762118
504858537
2333367858
2303398195
89442010
283264560
2332250329
303887115
834056274
714366849
2326942338
440739290
2331813042
15863905
879851772
1615373798
137678016
179430709
57161883
2323750502
1946756718
1964321990
473207172
1622228012
1048854770
1175221100
549170557
626308169
2286873434
1242488828
2326691579
423745803
1354081812
1926016424
711102227
458931228
335488311
1209498566
299050665
2328767252
252135128
88699351
1098489829
896968098
99184399
1222688634
1964798713
281041014
51136537
508571256
474338508
90468686
567341259
1652883679
2319237991
255414357
2326225063
2276293464
894799866
1179740335
2295973674
2308438772
382844292
544560619
2325960835
1311908030
1585809936
2201676860
460976294
2325488396
466490339
1490251561
1043064631
194937286
2313617312
1319155988
585636763
1505144544
623018510
240002975
2319582590
749862896
2317573608
2322257287
96121124
2320480585
2320820996
185380718
634404166
1675440673
604723173
1411277000
2319204079
72291563
142690634
439925783
140565376
2166692899
64243638
95428213
2166428550
80633690
633648611
396217432
1079611040
411645077
2317096452
109290322
1044583410
1577755902
459226287
2316869204
126423999
2302672686
2294244810
2192737154
747701822
2315968117
293584209
2315796564
430866785
299735739
1324672549
198196653
2315580858
937062830
300426886
1444197811
384034278
2265451412
1089071204
2314482198
400164323
2308244374
2184489764
279083273
477841811
1222467708
99511001
1449194546
2310643700
316136701
1974349824
1918261704
405148267
335887176
2276523524
523712878
518175350
1221667950
814593439
347851279
2308405458
278236125
453054694
2305113151
608969591
482330144
379717367
171830113
2307295296
2307260983
1219168232
2206366967
576445134
1080559760
1305857870
864599545
2306602910
709445264
380482404
202037738
1307021406
1163309904
254157828
2221172257
1633045825
2230567748
542492797
104120115
114316064
1879280148
2303446261
391588356
2268972117
1004883320
1257317024
556322826
209702236
54536232
2286620133
84357079
1253577073
368380188
2280851744
46898291
2301283976
298452157
111944462
2273062044
869493764
383492723
314801608
2292371266
2299400934
93897967
866435683
120402148
2278868087
103808964
2210999846
2201684298
1343893375
2288230227
529404813
1965317988
2203206433
66678707
133895353
455124364
120244881
1022481001
2181881699
2295168355
1433094025
106474242
793680343
58578815
36127943
2295016610
2231817307
960959833
1637547536
1336231160
970739017
1361328128
555308967
501986362
2230495899
1132172461
563814520
292300439
521666887
1688024310
2268727667
1483197936
495784965
75677880
2221696297
324577687
2292432488
122337031
2293156328
120243077
88271143
55159159
516376348
138740236
121445118
911276606
1216689318
2292716342
2279149308
898147849
99392462
1660847754
1553297508
2252511871
2224515241
2275890378
1157070500
2282299114
241068149
33526931
221442137
2282332267
2290252824
378477611
54375357
465523930
397307825
219924849
481476029
319867607
498707761
2289813607
2278207794
1574858862
354891050
594501514
2274512356
1976317855
713435542
1073571474
1411018856
474743368
478578936
2287139024
2287017361
461656914
2278312038
2271009765
1022296842
85109383
2233203847
245596598
2258833986
244182516
366544061
2221671709
492810925
817522381
2199403214
1132036848
2282123342
2271066381
2253242700
2268320620
421972297
601404843
732784375
240765181
538270272
2253580369
2282256140
388511443
2250813655
332193989
2275066634
105454885
1112062789
2281273682
127017368
242761298
2277349272
1951243628
2232089077
1394952937
2247568274
825435919
803198551
2256803155
1523109186
429299502
2274277614
75384800
101225835
2151035803
2280417002
1179194816
534119816
299765639
2196558469
2278738022
274597792
421042004
565588937
228469467
1314201080
99673596
455591472
2259377373
122506168
1166120125
82516338
863602801
556082348
2268846030
916761230
2271412118
200532293
437846350
521583705
574613709
2251785394
72519572
2192106042
120416495
2248450823
78824597
236771357
2228653349
2262007550
2248352734
1650233035
2247996695
213339045
2244475246
2265499717
567404386
2246792308
139916294
334271134
1499290148
14756642
2243558541
636460133
2151480642
146923807
2260489290
305241944
355149270
2206764265
496523627
2238815147
140545526
73796208
611456435
1273179170
2236166176
946283076
2207604759
535240580
2234740461
2254922310
1151565270
2202077420
196384732
2205266227
572474573
2253439128
2206989788
1071115015
344292331
2219428887
2224260419
1537247604
202537387
450775823
343244430
1855556040
454234551
2182406049
365375974
2243990582
2250455298
461230751
1171557330
361304688
1577663131
2217902042
194656601
2248429086
300866511
1439363282
1871345400
724341572
2163237510
2248640965
723334346
124477957
143475486
131056750
2247715338
80525780
606662142
438504239
1586143975
599142524
1852052077
1645372764
282455706
1643393466
1201944841
1715571290
148262390
21651138
363183979
150710980
120792454
76061287
1068671538
286915121
1938063036
2197523384
716483819
1593140252
262500745
197518645
1660235672
546856032
25114786
171859782
260893370
585105497
14567077
254100886
1505674249
2230196964
2206781179
2241052686
560689173
581348748
2214173090
1275547908
2239596984
112754792
476130611
126920025
120764245
412601620
91392932
1256818261
2216744098
962321384
2214620001
109267213
338564362
535193485
1063422740
1482680964
2236385233
491602481
2235789883
926200393
1329588486
704789645
511607571
27289627
2181336352
1307680854
557933546
1565239986
1943898673
126275707
2209868481
1028206964
599937508
263390948
2231704194
916859856
608141012
621011978
58853726
308957522
608416564
934075338
99081902
2229956522
42833438
112441954
250140188
973594446
261954890
2182322930
2228211308
558055952
629582220
1921003856
1479951907
478106522
2221399278
71507392
322163296
1949079318
528771333
2226868592
399984561
1567814120
2219719405
252991483
1319286648
2225650220
325265362
235764579
1168457228
821844342
184723502
1910456328
119337170
455805008
592660963
2192903555
2221244196
871615880
107002839
112503038
926000198
406589966
216097038
438538624
2200326015
1608395508
233081487
20329036
95607986
197951258
31443631
1534628371
2148567434
1845549505
2218079767
290720354
88636476
271824749
2217501793
434702506
566578176
431468170
2214749568
162508392
226934273
2206884936
594854843
43717936
86037964
385560889
386079000
619475431
159490691
216644363
328461021
21919150
611650315
1099802899
1399580173
521095166
1177001480
726808878
402197309
2210887471
2210770728
1611569568
2209475238
34255428
2161802536
634197228
967585050
364968664
20526651
156988955
1536090432
326782018
946921596
300963281
874236720
1857376753
263207722
236420355
629480975
1307408582
2152313506
233234994
2204952205
629796285
2207007385
2188997418
2205410694
35192729
1919825893
54164606
1962880122
105758685
382099873
1324542115
2203274040
90857677
197074656
837947647
302342816
794528040
103252554
224348647
1908064394
1134441223
2187371236
837320389
1615292174
2202824396
413940455
2181719876
189923524
2202716011
171852266
31375793
2191214989
1533667412
2152238259
1534189050
86096283
416664669
1702079971
1511355860
2200004832
454831078
521592700
2160729198
1697305405
137855621
2156377816
2197877114
193750657
1533593120
2201070198
507862971
119330557
2194822621
2199280459
392778662
1958781326
2198539824
629223651
2198443056
2198404801
386690187
2182460615
2198175524
1154036587
211816494
2197887480
379632383
1367504010
2197647523
22246459
2187003559
2182918311
514142237
1528266290
960510434
1470820562
370641444
315839632
2194556366
300315526
1225996608
1073977429
2168588191
595273237
1702679580
483835852
374390759
378477813
72301588
2161609134
1024371912
367631550
949766138
1008741895
962004283
113269837
253069233
1640525647
197748957
603514783
217739872
540129260
1376876016
386421944
807693704
1556059830
705601422
849076530
972350383
8671252
2149497876
562193311
2189217926
867824683
2188652924
1890152510
1322891430
478026643
2187048038
2184788029
482314250
2186405557
862764936
51682017
2182325102
1448686220
475296005
2182517202
1367814852
1112259428
876466555
452996096
610312226
478468531
1972861177
2181784422
1612430154
948147450
485084483
186002208
2180051636
2166895586
493808545
280025037
23525853
1092196441
322193691
29774336
811782662
298958503
61502351
284691967
238638401
2172938515
2148667402
1125775236
480295882
2170468993
432035624
2166455353
180759561
7516332
1560542239
586393873
2168511602
253730722
1671056348
606478079
2163047597
2167092500
1382569164
1927203384
122977644
2166896784
2166828835
1318962102
2150438558
496292291
142437185
119962832
1956834535
2164513710
1146158606
1925505038
2159215667
2150814065
208680488
1134965659
28823170
14662170
497876382
2161677943
196128304
105919805
978962485
1162358196
1660065595
2154968923
23736939
129744129
227863556
555809498
70928126
1483542956
2152983877
714497272
85284301
157735704
176422318
527248033
1251777518
2160986059
299282200
120596088
860034524
163254378
2160740228
2157058917
270035582
188256002
420296240
2158769012
128587787
561454888
476045084
505720496
2157442158
97707610
467034334
1971581118
2153425493
119854508
891457663
1407204992
2154910344
401651864
470538109
103782658
58836787
77430690
1962634285
722836423
2153056027
2152690346
437752267
303890113
605268136
1060040701
398847969
485133682
1856573790
1060214664
610310409
1972867436
709220014
241686960
1050675860
190653363
2150593644
522175996
2149680746
709137447
2149027404
481511370
1956098226
462065275
49941065
1919216696
98973975
1914480930
289017474
304590007
73874537
474958145
91764316
1709432785
1978485511
413879080
1964321096
68381167
117707634
244532066
1440588876
717422921
279070714
450113413
1977083149
607727721
224103331
1975418010
1963388131
457947504
271008415
1968625194
1969655592
1580635470
1969145544
1969015460
1968967039
1470199680
1968682152
707041853
1107533995
300847568
137411058
350923413
166214707
1073490810
74654949
66531738
827389669
923605003
28977778
70934727
198740103
1168653930
1943987306
516398148
869515452
1882894482
1964358553
211511505
1964391505
556223985
1883106020
1341498774
1566531031
837589993
1043169637
299749328
1152065335
405696619
747902630
26008929
359453198
1960960284
123616578
1060976790
104897916
72592047
183605202
141158762
1931957072
713726859
260409001
524072578
701933416
819364626
93603956
1437716407
1883814991
1610028283
1397113452
988185620
58509299
1955027318
1948904078
1059692167
1263429984
1951915956
452185837
50975152
593878028
283524731
84568828
1953849559
1953856526
1903344618
365241617
1952947892
105515727
572644717
899903310
1952473868
1359256124
927641617
1951720574
1946847096
859324082
866678916
541412813
17920005
1725985022
555044349
1505492696
481123019
1546629859
1428586662
966534764
1922790421
561365087
701889256
304309735
819413648
380060261
1633831285
1924431974
30281286
1947737624
48740882
465160349
490566569
1477590812
1595978628
465664980
323721910
44239066
52384034
1067835900
245737424
881670750
477706516
267155219
206838231
411587189
186513288
18399014
1727822606
395892548
998131099
1941634724
822857845
299786103
1926299400
315314184
1289904025
1120714807
1928095039
105751987
189647377
701631293
1924018776
587372293
1139913835
300839350
339661874
394604206
1932829230
1932503730
1638572780
1375502114
1931940788
1085642262
1498386444
19446002
1256915929
1712658211
256411298
229090799
147333434
118804343
899811072
16285547
525252451
446523286
56153909
45802150
746936563
501780115
1930039458
312068791
105550316
262176083
1901642107
1013210413
1927580294
57643162
17510123
1892993568
71515309
69076013
17971251
1922305802
14097049
579372360
102611618
389030401
48640928
306515083
1378296998
1923164562
747682770
1922714718
486018986
53636734
391239423
808973154
1241634433
1708393405
69081323
47628995
339331781
1358001992
551244966
119884552
1187248130
1918209840
1063017366
47915216
1916773536
261659925
1538826378
331410582
952608498
169504444
978293677
1913751404
1909385287
362473342
295328214
1347562273
1080171852
134235373
1336763912
700416061
1702428217
1909164558
222723087
1198876969
872211619
901625370
553796478
372931155
1905004489
182440939
87898081
78568834
38693647
633173944
1903686066
293387977
256982601
566300830
353152128
267199138
820199618
247856153
634619603
90200425
115480120
200165750
439288749
1902060258
1720113391
1217696588
226183732
54620780
1900642645
1731815706
1689343075
570956507
436670023
609935874
1073355595
132133775
326402904
603007017
537493847
1898029296
914803412
975681344
1442017154
1249434715
610687495
103688902
1623259291
1891011217
202621807
230167882
271056890
31714477
1731552540
241559810
1716013146
225975856
1881964944
1360055641
1436572099
871940274
835129548
1676356795
1891606310
479519202
408776072
432663768
1879078160
285493952
31597435
1167108181
1556179267
1095477464
233909304
1425671683
152796921
543175174
108319637
480633362
954349465
921428575
1882176186
634603569
994894531
1884100423
182783625
60929251
1622393420
891241207
431447402
1169444214
1635109080
1876491752
182893346
329836900
707817457
101763750
597763976
133887047
65732021
371749544
198487945
377413548
234398667
359987650
69914102
785140050
1640430686
187929631
1615445594
1615389006
1104169171
491776264
1482773444
1880766624
399582157
1421152176
81553348
1880587536
92850086
826988660
563769406
1331602410
713881698
1161498649
1880400745
74461587
584180064
226396640
1465171705
1711761098
1418763619
150233780
518357214
71770241
417693401
1391489024
216019680
68680145
57082555
517437667
77306572
952232624
1639964376
905752440
1484613961
468327413
1728425251
1408011188
119854953
191464187
1560512346
274647727
1642974356
188446118
1313264822
560911625
550813482
131870072
555070189
600880914
221390510
137694346
16484845
1400889746
1525407270
1400885258
755697440
1400898548
493294382
415041831
1375070335
158777920
369450549
113135638
90427472
1408448323
1548349602
419832099
243705122
125941781
242472459
88227624
1258898798
1543164090
127828093
1874610212
1490157042
332766320
518635822
261637569
130274607
49031626
235739876
352552460
284451394
1860425358
317072683
1472846894
453906231
1533819750
1022489954
1638404461
253993168
207359687
167744471
1211544630
1872605916
412320693
108653871
382170288
1288810297
964456790
372547970
381698951
429806417
119825784
860357136
122426465
354395073
232228425
254412957
577415797
24100116
1165550749
1867735681
61133309
384786983
244681793
252459284
1263831176
426677828
256484530
269708928
1861255951
419800530
1860353016
54798507
606383535
1099355580
1858549218
325043016
1088599494
1857857528
125112919
789258877
285039350
343939633
145538757
572549654
1660135992
1086440911
543554889
1511647375
1174509084
17387369
20437885
242065842
1856595439
45912898
1533501312
568090853
130458435
82577500
1344030151
34649470
1623115249
318011587
581303408
726110653
95863943
1288054674
1643312858
537014464
124508160
351185425
453811838
394197668
1224730050
606062145
1854001416
1277663084
17942325
504213368
1575142183
1852164493
387285965
396519923
24861436
37409099
30563865
95302358
1845112976
1728270798
900229424
483618271
91589508
370709458
509081850
25264607
1667101248
545305187
1653890923
481613704
1726759393
520248365
1731375212
158341096
287734431
1385071938
1731628530
72536629
1103329422
1587180854
223093508
35472400
1259698710
91441275
174688622
1657573698
133222261
978637273
1710359377
106065808
224243606
481834173
1543541953
64393226
379369089
103820647
1547667823
42850601
206588879
1249888130
401696864
435379981
481214560
1622266572
304486568
1710614324
1220853756
27322922
1710863826
333361561
89233812
598359392
120045939
237235671
1354995115
1100329585
494246799
1513461692
1362022081
435181622
237226745
152598413
1701855806
560301842
95706537
492123781
1693582202
1699529749
196637790
1697005190
106111036
554554195
410793386
1116859734
1636533145
222962695
1132020073
173386081
958571022
59787097
891565801
506021768
1686590269
1688043235
703703222
152935705
119882461
311381877
1106623974
1612698349
47886459
1682168191
109894756
143445483
221789529
934392356
1679237256
551217802
1605926828
1675200690
1675760226
1673170254
855393696
57590040
1624164566
1018383229
1669240316
1334695332
1172541258
1665134856
1468027296
1256675504
1330020860
1610242304
339489389
487113748
832840051
52666866
1201562610
807532704
83445113
1488322650
617237366
186955086
579688396
1650409003
1562770357
1650480217
1577133499
103009028
404087403
1611246091
121504252
712185733
1644742730
1632201738
1640330028
15892162
127249150
1631828203
69931669
353198915
1227500635
516576164
102973397
1635432439
61002772
58668786
493368896
167016063
402915720
49296881
542786492
1625076000
287711534
941688636
255685069
1347642132
549567222
606355059
1627918010
67615352
1542599100
1622975838
1385514247
85041862
424918707
1502722668
1603281163
761724096
122282106
600105057
245352373
160668546
49956405
296748789
1451471665
442076310
793781006
1613573653
606158112
1613069005
1435528501
13321862
1544427536
471083446
454154236
353392020
1610518526
509420283
15880983
314373544
33500658
1609011894
248355110
1310269866
1352264437
1051624514
583728782
1606294423
49267080
35102315
1605423229
499196738
1603112479
1050550128
1602334789
21750342
757262874
464167987
467509004
1480042206
85307560
1407767718
1600385348
88087013
1599426872
144945360
113580670
198084562
1213515764
308341649
951480480
40084164
976642855
342084448
1062692654
17811074
524629465
73863498
538046536
1584975104
1098151237
293149337
1145151811
566340744
612452382
228487457
312588246
1578799610
1457570976
1211093874
875669208
96938049
528538756
1487290933
1236818677
1270719908
755286948
1124810420
1157571882
26315830
1579848920
310300641
556151042
532327727
1434855702
477705251
403573353
74609989
218889029
588993121
261154944
1483059446
1572949052
223074089
368808973
614361690
287293938
1570214545
53334384
289383415
41586595
481092089
119878384
446466095
304425571
34571152
1488580428
1397016480
1562649925
1566812456
1541952380
565316364
157125581
449845354
91834137
1490466266
250679982
970824499
1560227310
1454544937
1114899810
1558280640
1466951678
1434805549
1554571489
1556491128
717951312
588977557
968852978
469540018
367609850
74581035
62166352
108905288
209032687
1553080981
1552634412
1479746636
519908220
1550313967
474057569
111597886
1174466364
119848384
703583221
1399064636
133735128
615020505
525307218
547832856
1254084524
1546043336
273094765
334810978
268467766
1007460834
592663710
320914242
867579660
120040134
1481561785
142398229
623897074
146823244
476148549
1541372239
1538420449
1539838152
36907875
137060468
854962273
1266407538
195158231
1537193365
31170237
1534191776
16401264
702439063
72401268
165721110
709376900
599635824
435006062
577144348
999252745
40848062
875696023
135631911
1525969670
113093642
30187278
323179050
576983323
1530502340
785086656
51273653
302850930
367745704
610117585
305671853
1522195316
143198374
336417159
155987638
124692351
502663236
1050365203
1461807948
58468248
266032633
94738622
1342406090
52397091
1524739494
837688422
294121886
1468990970
1522334629
1514358362
875242698
507119150
226893409
579795271
35309577
904290278
414042228
1023259706
1181670186
489196227
17053614
585590925
231867029
378718275
1489920438
125264271
574193822
1248415123
256897887
1119058693
52805632
1391868506
602036298
1161425660
496792957
1463101118
1275224184
16449408
289779577
487547158
117492042
59418931
1511179394
540198174
222765851
1249652622
1510545235
1035676956
17228911
1477809704
86410777
194668572
1377148357
352433892
20084145
1357042970
1498971799
449131505
1170058435
47459306
550964417
525824234
1500336806
414904083
1318163011
813821041
510635244
1492400772
382992341
349200696
1493727344
1319313325
1339636770
1337653550
1488258566
48889987
1481968040
38145350
590024301
983430258
73676232
1487974328
133292645
1488662348
966831145
620758009
333953006
1252341301
1449040225
899608693
603617863
1191512665
1480023006
312149946
381116565
1462319384
52519797
390129025
1479241051
1391925085
234466697
1056026348
455611038
72520597
1030202864
451465735
1482765156
1481632950
529020555
471282140
1464859694
309238766
1423021908
579212955
607251472
197023129
899525521
1341563575
476236429
552930352
276066275
230563688
94625403
111271074
1473921607
459502347
497788691
93973319
487302302
1422731677
1472319242
1399832130
1471899858
1470185695
409511308
379710125
1410467010
1469335128
1469348029
1469253769
320700236
137461197
576166635
104994474
934640594
1467341328
1467317928
57301911
472330206
526200213
49414316
36059861
966076399
568311858
1464780769
30482372
1259496120
97635661
1093064725
41206455
439357705
1345251582
148278266
52562673
21670651
476947480
411032912
271942511
593677882
567092882
612517041
18417904
562855567
479581230
988433540
555023699
57315555
1420541958
342241514
773575982
120783052
1219476174
497677980
1451400378
228724002
1416614354
1198604486
136581237
1172456478
1451935544
722495167
1265204988
875527081
128644663
581733250
238101158
970295695
557109404
214349964
37304624
455943371
308460632
8493812
1445957574
1416570332
17682750
1445084528
138697954
1443590570
1423372526
363110497
308711494
1054574520
382675468
1183746217
1436785848
1205563644
1292058372
365925603
1436549382
945700230
585520201
1435440336
480799881
1435003980
962904846
44259235
1412255714
1431364994
580742212
1432881236
1402266338
10816602
50827048
600908535
587002484
807727682
499936313
1425007417
1424711322
839222942
387897022
951108024
24429818
566600197
123832296
1265113166
596838684
783244927
1329329310
1420306890
594446557
1317011533
275112990
1425029485
118578531
157424607
1423853996
1372746548
120865840
480738631
586594922
448130494
1205117922
810766567
626864175
1398939409
791646576
1418417906
1415038994
13943712
51741744
61023560
315940093
864713587
219084420
1410712284
930263784
1410211250
978064358
222429818
983784553
1329018703
197907336
1109540184
1407348456
394259298
1404343230
562449585
291202718
1322017453
867618673
61159137
1272355399
1192722390
1399746960
1399409456
750009420
1395538790
1387910138
6157462
569465510
94096316
123081023
490275151
246309242
440928339
1389703213
464510236
572827111
1392808124
1390530325
91079862
337919466
1213697732
961167481
1369767434
516925269
164270968
306721411
249641599
1361361901
1103182016
468637205
289621648
1383621650
1388075731
374030227
391560208
1375676935
1052979049
272160931
981378810
1384469318
119405664
571757520
1362350910
260097976
1359276674
596446836
1350411432
95181167
240915371
49311814
406377375
113398253
94908289
898032774
120690646
873303180
69710942
1366865708
1378028484
982569595
161767400
1176649038
368887446
1105807657
238263355
53387105
241965185
1374542862
595583095
445405137
1376423492
55946857
739767998
53651568
601487628
323927960
751016706
374049961
195459265
1362580699
1373030490
1048677528
1369861501
947876078
1354409839
77202747
292178637
83832393
1336503254
494030243
19200172
257939882
294639469
539412735
376835895
431572281
473569575
46519991
580723776
519390633
181479142
609371629
867794893
85788589
1260424705
206595269
1344447343
301969338
469577633
567556767
1343926830
95195928
1181744887
43002917
945490867
786681312
292223822
942198054
1360138051
110513321
856074224
387284949
1357952222
1356433783
95688428
1356751836
1356774157
1356756421
31077696
859419600
1355434969
1355322888
124828265
1354711898
342720534
1354552543
494871690
298503400
1343756592
384001547
443958437
194334911
185230574
1352702401
854335442
1127323484
53995310
1337181859
52249252
378235726
88911478
458190191
1216175370
483887491
1265477216
1215118490
1325558538
1280925199
115505743
256882255
165391492
1287762780
471454159
257826595
36182558
1186723039
146989828
294681484
1337090348
381575323
1342000178
533261053
21774054
1209018853
1124426810
286180004
212156191
161317627
525513232
34661476
1336248391
164582955
469192980
217011249
1337438450
1337102952
255718866
1336810326
793939514
314576562
119870877
866750784
499922335
252023787
26967725
37890617
53650609
253312786
507918183
1335516523
1329081432
361420265
1334835804
1334847181
436238922
627691817
386942021
560406238
1332552300
1332256430
1296162354
300219614
1283057815
405619443
1329198738
1036878236
1043169974
912673524
1324058904
1328000191
54912368
483652686
320432924
589997746
1326624158
1119436254
113400772
504637602
246903924
316509240
434406710
1265356406
613580070
508181449
855252368
1223900502
871704007
1322763722
1316807936
120057596
562317693
508934186
1321007982
528943285
138198390
394668588
1320096396
234094751
1053549368
211164667
1317160081
1315377259
427322338
99373534
1170956233
630147519
386428586
384426326
1313914070
588625755
1284630620
1045254110
301078600
47635096
1301616710
392943013
1311036228
1310985091
1054644114
1235403278
1310538908
277509897
36718201
1309943258
1164076116
1144788781
61874903
476807078
1040092795
458316336
899545604
615269941
855221124
364277663
1307575819
884489436
1288880796
1306900861
871544275
1137299180
487008465
1295750108
932412270
1304502300
256709805
81645819
270967109
103027426
1285864219
1240944402
1299785268
223696441
1296894607
500783742
1111625172
513053320
786416136
881295672
1041882283
1296769338
120212048
31369637
110806126
29063923
566220955
1292152328
837043088
7224212
439010636
143075912
219258098
1252275854
113702500
1288165424
1288395308
415087262
18430576
269034900
60265279
323116922
14157449
1180649808
1287726205
69574651
447886029
1286277103
703151532
1286133320
600155744
1142767441
1176837926
1284286814
74559203
1161221474
1074808381
103624297
231735846
1272836341
944577984
1283066090
1246315884
1174729196
38486588
255418226
426039802
329818579
105225222
312942794
508688126
1185723912
1277551206
187080879
1275628039
787273148
98966084
468232687
321441038
460323499
388162235
441011175
1227891636
99795368
941555113
76164128
259677805
1275854414
789928242
1264571694
1269220770
434839152
1273253996
1272879799
614554302
509946342
423318355
243318554
1205657436
819954072
498664859
261635806
1273402148
347218506
729242666
566662796
242369281
593536486
545090583
962923566
1017707904
171211233
782148535
562046120
207191223
848803142
440279304
1269264740
141587307
181289343
225144384
386732826
188658881
281437175
947835966
244200188
417344758
92585035
320679093
1259539986
1265036244
1139863904
120904536
1264450872
1264279752
139661352
56800673
426066868
521440658
50999842
430491881
900552829
202405919
1262052805
106463568
897410454
302685597
544087612
131609466
489910614
493366924
1249701355
432081202
431854146
107350301
1258740002
22254472
90822494
1258893260
90866495
125657762
1106129762
132472257
247868844
105516405
280308889
591662720
1103568277
1250152158
289030234
361125876
82609332
274005911
127891588
409097945
1210143500
546356538
231559964
1249462459
293715116
1001904060
1249150867
76293385
292424113
1248545352
990655356
1243612628
278943889
202156969
1193619852
730178551
964105152
236939285
1162901406
946374992
428232290
105092223
98168960
574800755
1241517410
460569619
67939052
129490993
835275374
1225396399
444689437
254311764
1175480880
329806997
396232023
420632125
42856404
25367751
1233809952
937289346
94581593
1076921540
69838921
586807994
1240957920
1239267462
623153590
461054866
1209758167
1167669068
219957925
377547206
1235715230
1182802716
126682925
353859084
988893157
1231568948
198874529
482921821
583041369
278409566
1182285698
422683705
132561799
372703035
22203811
1128511224
189301446
334196609
1218320413
146025126
274908827
487568913
1227126114
1223105796
1227109003
231788726
1029915325
472647864
1226512076
271944650
1225925587
1225736485
488784842
19702710
1170230088
869896129
1222368222
62537562
1174709095
16586691
1189191314
847851758
28096610
309073548
1174650420
753053532
569924922
492900147
151463893
1143582818
174797395
927112988
188879865
1138139773
343264102
238737221
20001771
347873357
1215008444
1214970744
1116071953
117112385
494875215
1212641366
1165683470
1211442680
490987788
1210214720
72034549
538380943
361812949
399099135
854328008
219943743
44325100
1051433515
360462964
636391768
570117445
1137729289
98385684
293145463
33527651
172428170
1202131026
203045099
34737026
889460120
92584646
513204821
15644503
51142024
1182922363
556908107
1055321228
1079139402
213819459
482445430
1197096764
1200221461
126404107
527963422
448807811
418057637
39046753
391430284
1119968780
894577020
1148437218
1195392877
97860330
504273513
583883797
338527714
203226420
14386358
329589792
1098345296
838432669
16656275
553609555
91104919
1144102124
904187420
1189006352
567632827
213332488
218144431
1163410242
310238580
493512316
181698945
230521389
64808908
382712395
716644897
1026790802
518253770
275757268
1107405954
23638124
441802638
268641111
105615358
1048821624
1180441616
1172850720
471845235
217057276
555929185
37241043
381746373
289844942
50978680
889783746
1131267577
422830926
606231131
851289128
420570220
853404912
1169402406
827518200
1012897890
437683262
18144263
448850417
117124037
447131463
149623092
1094832565
316011524
409640205
1170128274
482444940
25977898
442929408
71494326
313842963
242334532
548431404
26553170
1146277032
120161490
553365530
1159641012
321433711
419552184
1166883146
477843511
1147554114
1146454369
117389658
1163261341
327651318
1162681562
259628360
45835227
57726433
1160952817
296954273
1009103473
205206437
49430150
207155381
474951219
1154229146
43066724
119760205
1116835526
79123721
54003872
483910162
92537561
308927541
1153462507
893105671
1151629693
877376114
371140946
1004114168
1150486326
287370108
279234529
268858940
373920312
52500945
200904788
630037027
235489635
422644943
352533540
875302718
624009184
1097701040
1146476690
573829733
1146334920
517911046
617263533
587482005
169023002
82009322
547031970
1076204407
401303545
475307959
137348809
1105798237
879989922
1028320830
802056564
256187257
732574831
995779338
22139134
1123352918
563756326
1032307670
971592492
69870695
919694580
228863802
1136352816
732335252
366508402
995989380
580192826
1134721086
517298518
1133545766
767029124
520678910
842978198
22089171
248736864
1068507073
154449046
17292428
1043476008
991548092
1132248186
1028625288
54847510
628313589
1130992081
704581561
435120056
486572582
97307026
1128587774
1127694420
1107476923
466597948
258302213
1127677549
90627664
283463256
498673700
205854999
492944281
111934056
1098236472
535773537
1122952160
1121995106
127511793
312838539
180372238
132577735
1092899767
856416372
1103159180
410269604
1119183074
104178566
1092076758
823133802
1110742782
482211430
769937593
466874765
986591814
1116825392
57078641
733740144
861355314
1115641946
144433706
577149408
1060113175
365415744
534373148
834202027
605744355
1079444172
96121353
1112947652
123316925
890524188
482459146
13436192
120006757
1056669054
116028652
625710909
499068097
251125847
425866160
814795910
445556677
1110112392
1077449760
463795989
735474504
158080332
793444267
604442610
977029082
1102068194
603139314
87219352
411403999
860069156
825694964
397351990
1100409230
64506299
1095428046
1073719423
536089835
434951893
48070437
459446627
251083814
1088493229
258777806
493927379
1083421092
982124407
1047719766
328691087
850982065
493128619
67294605
819419491
110682236
68522116
404714686
497911482
607371155
254885663
345546081
626878836
434408021
1092396686
417961332
847365084
1091964643
440158444
1090918728
503090048
259901738
478055766
602123844
387668967
143849041
572932797
973736238
1086749245
1080738308
912155108
1067959117
565322096
16065882
110487427
833470068
58196137
86042974
543438941
291914166
702665052
57091402
170304496
1025609240
1076456335
216832510
94367427
258767697
154894165
244459076
233212581
1062639205
350940083
493303003
1072101402
954815712
1147321
314762132
388158393
395303076
602244168
227365996
71569439
922920362
316956459
947230610
262292120
299965493
458368775
876923587
1065942397
1063570716
331961478
624474995
1030677709
182867524
1062573366
1046655751
441782904
20302424
25335482
213004685
288163843
508729328
452486714
337173605
195264724
584191938
85778987
334106047
45177218
915216584
1057749271
581957212
386287677
46626936
175973996
853950121
1022402108
42209026
1053874058
963921972
264709228
141507141
783244609
154881667
500200866
48731933
274454340
1048915819
1048597790
1028972762
130444310
1039301310
778457106
594109559
1046033492
56693651
606188229
491386924
148798062
946313406
728058385
1042394874
377866037
886300657
833967192
301419950
622163747
33509323
925085436
426135149
92321050
1035679704
187975132
465071345
1007093442
28956497
538359599
393038891
705054438
845644860
224684919
1030794456
111102266
1018055526
519602231
1023078625
1028292073
1028298330
1025885209
458091457
531670956
1024654136
210866518
246496410
70105592
33468472
1013918677
202208410
893406403
90244610
273410126
275017642
1021176710
333908567
251218113
372528990
287729536
265996175
1014946441
1019731170
1014932653
1018554139
97261165
1006754394
527646012
383108252
735032623
914583936
46428945
124864463
221677191
94286221
89411776
367039604
1015406971
827813221
318436234
38434061
483762553
169193349
126305469
64974100
15363961
1012011480
428885770
479521932
617221191
1012263001
1011882828
415738201
310153322
996768571
472501988
5659622
182906244
782119382
877557824
841622773
310300055
1008947186
630354740
278223385
15970117
36383320
1008388260
309294895
995266579
998951881
920098339
462072293
563545867
62848841
358272656
151195491
1004055781
450928114
782457715
196830045
85511709
907866535
200541441
1003063687
28761195
895625936
508940719
492323013
354369488
934475486
559621039
155923829
222987690
545093986
998233963
438171696
417054128
546950292
911987395
119424366
166105777
955306502
446273475
262219187
81349858
568923604
283933148
54359003
378472226
212291102
994673401
993948590
459618913
581334329
134381325
976022820
993244350
334797858
19236672
191426463
399368873
636176761
989377531
168422074
59736201
980274067
322562643
991769598
955226448
120036314
247015407
903880776
800807119
311916990
610186687
18212302
891435066
74766126
526601428
300276987
193412534
765261602
381137779
124513631
242682278
761848224
988117687
987171894
127899643
277756082
299724124
572397457
220835982
986449496
151624072
252655737
89224977
932930311
931946198
482030747
139047552
438357177
985202574
490640152
574604672
207016457
41664233
609482869
325533566
755957588
914927852
414351787
500792773
981697844
901456436
980887339
120122415
702772375
467763563
980501466
377504841
979675788
979054130
452867133
108975303
972463837
570720827
964617488
131977271
957725682
195352921
976710126
919730389
210903199
945242286
147980226
117083609
322548246
935201713
973881535
84821871
414271735
326055167
586887423
747907058
945610429
581724487
170290455
962730008
922083252
630443193
899801144
296289214
617323318
970834807
143251184
616271483
928157508
191628938
80886361
956216990
407237997
50972932
169160259
967098223
966996074
811070796
744673236
120034013
421929144
602717741
611639154
69245100
95443646
964820270
945485959
964831993
418977138
964006766
392983688
381101243
598338073
439698530
710738707
962920886
374041754
961990758
195913651
365413162
844429796
286171958
83440917
15874909
121563712
361861814
36984711
458581621
15968316
921153344
854714016
383952959
442675958
114007766
834679478
600242839
553012639
371324694
392857630
525275140
575254903
214964848
455094032
955067941
23172893
33965478
394286987
588150254
457315638
237647020
441725192
551148771
35781060
950364666
584182037
493013934
949378092
305038948
948731070
563647656
632097945
776299296
868504309
86512213
591338870
279484179
201615715
899665916
948111031
499122004
53406595
943218967
58252712
817878098
946158288
406992428
300166144
506037530
49594538
412630652
445810737
944493986
15718937
204368725
943922564
463598567
208625463
153176179
502820711
500207871
941257112
300732429
383777783
576919994
572839157
462103502
432452091
906022285
938411336
56024183
826113007
34998353
341682246
609880115
747277908
26045595
153030831
158773430
934881217
229816712
384273297
934083938
358039718
107334352
913229508
905867904
822310856
931581336
316606802
932557806
271615693
116287266
932019420
814795406
299628795
487354311
90372421
320705802
112499000
391537097
782244055
930066188
929928476
746857837
551004757
316699794
352398580
80810171
884524410
722032586
49245461
545983223
928029266
180578432
387258436
392991899
117213401
186594225
204956413
374718100
571765874
865373814
122389184
393580107
925702705
125595678
916578024
293054879
327441288
579941853
864451556
860448558
853769516
267081288
818144269
919224829
839285202
909844003
601062415
914365958
622615577
619876119
492509927
918985958
90368199
265464086
746945479
425334189
411875241
916992175
188793474
51511376
917050926
428059906
338343525
857770141
380762730
858630722
903536677
469813341
19726868
486581255
910908104
912564864
249187514
37646351
914565799
258816316
632947254
536676729
429754596
224781473
337368344
860210556
532953521
909152588
232523606
333387145
567604196
910627075
600932374
387503315
910155348
262953945
823330782
888261390
489482046
189332675
894129505
190136146
372257561
119916873
470424461
251093556
189101401
53720434
119868237
304513719
343036113
103675770
903835766
259002896
307551240
104225030
267222667
188675844
555808778
397324033
437011950
547108575
46138730
122076087
269911769
436705893
120040633
844535204
218984948
457429173
372250326
517676282
833152598
865373096
353211384
258828837
91845637
900334501
91858139
116205191
241571045
700665926
384632745
170808393
893464033
156459131
577033853
22291244
897223328
62818935
119850939
23414685
397001255
612469476
896262480
249671329
600442016
441200694
239059130
44624655
197780365
751555597
250287236
252207469
818264599
22929110
565464665
207976588
80553908
883970341
23832945
494378249
72873410
123035548
501902384
561197946
439465605
605561161
602571820
37641188
890989699
874748395
261821532
303719866
109085860
67557823
564378473
16894142
469310563
242069904
872386447
271680906
889176990
215383648
128356728
786621722
51084452
60372335
34022187
19182233
760006483
882346302
467904405
209051538
868501993
191465421
306037493
464812652
357388497
425937307
341451839
754911662
434793860
389040383
885196783
839376259
592975418
350834858
261106325
555828799
53989796
556798177
529720600
173402513
879947737
618451144
148305951
127326714
408116673
201536054
518002526
846218130
821451422
847302326
60702716
873052130
523036738
711459337
366592484
88687366
42020606
547059477
879742411
95292647
459497098
520452395
878143003
863646139
193257253
270491476
876490897
185550530
359121300
138407384
626721254
858119713
44629836
142024647
217049235
458572841
74968853
84709062
632990544
782500230
874152464
149803619
259884553
326963116
122485457
868673401
268501379
159414464
767808396
602101457
219665101
394853402
203051397
497477205
269371440
801180042
866446171
833676158
125695126
534665711
287727454
558653292
62841115
18198955
636093277
491510475
287232560
494674859
421896620
420387964
29023416
493048249
712211490
552525379
94169854
867668365
585656280
90409722
76117614
869520204
730369214
114073151
556217589
86918871
396729045
556134308
453902648
334337192
110332833
79428084
402563465
456572703
204431407
209965328
28534031
477647619
139352344
352169721
806667259
187364298
558059157
81786755
219257653
823464254
493835090
93159626
192448359
66861375
532871125
125013048
309392462
861169376
376780030
579254721
112816098
861141680
528547797
11755012
166148161
300460437
185985918
546726603
35336407
606761239
419832744
191021192
607276668
188361988
401327650
241919752
859586808
18406828
582756868
67763955
47919634
29303096
823279483
583874090
224205294
46471148
458709358
51462169
522315837
837771632
85059233
858472928
296536118
445540403
858396925
799200900
819066547
19064287
112533954
523006365
525697787
37619010
794332598
215112241
382736141
171821132
393288799
409927186
624482831
436784938
432605918
308317993
612331797
574614616
486892633
116472240
852582961
163390322
282547906
502680416
733200367
851733895
851641490
319225877
66127050
145590636
279007658
848074628
490886542
754767943
849934627
406383832
849727100
572787247
330568359
519602623
549997281
840350053
137379802
847865730
847836031
396485866
560211652
847309536
571835841
402086978
592872760
55245881
112691919
845575530
369214099
442517994
748953163
542491198
564222435
845638734
341935136
807134569
591151839
434119153
843178866
845077058
274985153
363938508
109347679
309894111
800893934
401578515
218887179
91073108
14274924
626556926
53998531
159093214
86384591
113592361
310195375
798551269
840420408
800595552
75804930
624520313
101568423
23985367
629663876
115974045
838611672
586842708
621491469
838145210
501851628
806591846
705398436
837664094
574718154
837688291
99588722
579675978
76619526
774531703
88977285
627659610
835363687
824283176
109388085
799923270
775454479
610007195
834014239
120882730
136486619
314606235
325484041
806846298
195474755
31103048
820331858
491803716
233285215
392165052
9890252
595833390
157970016
449272883
611535116
830957210
462954002
804181482
71016845
457111602
828931483
278989746
435731095
824751679
599178104
89507852
389549735
319584334
107020562
534087966
517514846
405181881
21894866
53156508
309883876
552861270
496376859
824992490
38685016
115638558
366259098
267274653
793468632
15761045
5719212
822871002
360802868
813349045
119318926
469125332
368288151
483770150
82595408
249380166
821147995
358074534
820240255
570386628
52682779
816009456
366081389
735306553
485566261
143603163
624561108
611600665
476641060
14755217
817659072
817654616
761321606
164823447
239106497
802494380
354185887
278654406
245798338
108229928
432767069
784260656
724461860
450568886
106737320
810396102
103684203
492570592
24203971
5593582
591062312
637060317
83605105
404355531
807454316
533350015
330185223
489611075
193646752
35216837
259183655
432327201
401438190
628814481
594951982
576973354
335310088
576113179
65766095
802834513
773529738
105855630
300119802
120095758
295346285
614195135
137990360
259646098
167926830
322023036
307918534
367045112
727627693
442020446
330229937
268714770
49884492
559937393
596541064
784178556
148572303
396437147
127385362
249280739
525778052
360124413
789171086
110377908
260686601
157434413
119788967
738848210
544972891
784691353
231842656
100465761
481480633
77468358
562300889
358691284
392976555
234108318
411609199
86694601
700916029
567161285
589567053
422978484
73122326
87228563
63192027
83816919
593025141
373562800
780296916
208699812
298763339
778564320
121699537
193451600
765700856
773244168
583603571
333185878
767601847
763338914
768283424
411508898
51130368
90738770
631152481
773687221
80969913
773089746
90368728
91216551
475335730
159251612
769377091
771258042
326159183
468629127
750684522
340028254
767853870
634527802
555084337
102639774
620207230
383209350
22244322
144578463
602658537
621097706
60296647
719035100
32119819
564981084
757414333
581795670
276442764
179062072
755381797
405099360
292255498
616489846
702569269
233910343
312185502
316457303
743590572
16826983
339329202
601202623
476606579
394899132
315065822
317645718
368891680
32401900
31708567
740489406
738451442
86500644
90268431
714851976
529622503
733640630
392156680
732917119
239844788
725798916
547723992
161763883
192513763
575780814
604750530
717835891
481982416
728531072
469304071
728621444
16188307
706698776
541580619
42401320
314110373
184914921
75264870
322293224
715627884
564329592
552248922
196068360
122697438
718575230
588156704
718434006
257013382
388170608
265963729
15363888
574704502
459390857
715936706
715698638
123010745
711314214
453894831
380383083
468527345
164740586
313575424
634957437
336803408
564134910
632331692
709163490
106645786
405852987
632063992
33274139
284139295
478683028
138707679
127628034
542640000
562950832
704692999
142385307
456845799
703196287
702738055
120037520
42933698
273421592
551017817
458969469
173446775
555013598
70462072
636254547
173508822
578470591
287286534
635354932
635334362
500985700
273816009
243663732
305484882
628733962
634720223
269438357
633753217
629227898
633956408
54862703
159250292
206892032
137735965
164679390
444678960
633239086
633588313
73450643
564895995
629698192
439462909
74973802
87521301
493203668
543614169
77184313
632273748
632089315
133267181
594732329
588386664
69519155
18392788
52731999
436051920
101815588
362365219
107544461
553563156
276627515
109195979
404937308
76648229
103168368
621884126
37683141
71536527
464847701
203116248
72380773
88531923
35521057
144371620
487388670
622750149
628816519
628476477
14893781
627541910
123207357
628372267
623970297
194902935
245264551
300272824
415428537
266720857
456544470
385701447
425891476
523659454
626670915
624779579
82056195
241624170
472204657
255062650
625590560
374693909
619739198
602113380
309492570
484325953
140560631
624693377
16236939
466390337
362044366
623878291
84922844
590410293
532115002
583883791
550209305
481375568
616159403
614334125
590864463
300421408
557072840
105234073
271402322
589146431
78021334
363818928
187366749
566092472
601756075
572666645
586948941
104693659
472403008
619565004
393670337
420436261
226980459
617976161
512047993
324850396
448808658
320424994
58151977
618436488
617970215
256917480
618050576
133829939
138821984
377615525
617097772
227662378
616945877
612224692
119920642
556203706
253506756
16389554
456832533
303811604
244419205
146143442
46739740
594787212
272335860
114542347
259706497
599089814
19663186
14771286
378020025
90686432
563803782
613486975
124533651
387682879
86039986
92937161
439292325
415424772
51145541
130171181
454045387
19448315
598262535
272413500
386657951
475786481
250225507
398926570
475600135
18631475
30018762
294313486
442833145
492648852
36022167
192261712
584428037
576938435
614349109
121647782
535976595
607827991
25915690
33579369
276529983
427419552
125134618
289628042
75263217
611072677
119326253
610579679
478484411
612587010
138458090
582366359
612043351
612000215
375055323
515643039
274565328
109631417
158633324
560065187
234501419
418169452
609996545
610603381
607514430
587433293
435988323
18972843
303754388
547664309
145246734
608546752
115093056
565716682
131979977
21080294
180730848
495020957
263594144
386695330
160934078
405584133
602912952
540101105
551899927
26872739
90861394
606222035
120096073
434309853
474364214
397973654
569857543
280979679
75871918
384444409
38400125
539387281
72494487
593575361
142212951
464530801
601126618
577424355
496952316
511765440
436595692
592546508
311768566
410011084
76890980
494584864
602970724
275791204
69270105
583690105
116967087
60845871
555883039
597613698
559594131
492941089
598570326
298965527
596294407
152018263
302529336
7783182
599422436
29704444
531419368
573486514
456476467
96831100
381402831
580169793
301525671
540125983
348454866
47100958
298167703
587708299
55024544
239321370
209067526
599047240
451383065
433799654
597840159
555856763
596636290
556711864
43188727
596745196
369360041
32830300
593892349
53878183
526602431
453383878
595591635
92637860
522408415
532083218
585510155
501858301
438627918
528652692
594496246
594463459
40527451
460080280
398833471
299713830
17409209
51071293
122326134
196089071
434832466
30648246
534384763
55786505
593079774
81182508
127934679
558457173
236515669
83462179
575162031
287025558
493241744
516730755
436784558
312068538
468508852
164244187
587493240
551920524
154524308
465023461
251180291
445570326
271561207
386790423
589184333
182768827
203626131
35704105
90225663
317374876
586912983
452457825
555098700
558793860
527354043
95626705
210939835
127593249
493544211
120038650
269745959
108257412
471041449
516442004
583015292
22903707
394361786
571575686
132469135
414817948
91184266
478010824
219987452
585621649
566506449
59085374
467912498
579145788
51037225
221153774
318978251
85041119
100582470
28184332
584003994
79197361
528793145
583650263
504510052
52664875
168686103
582793457
581274811
117400536
581848747
134264777
112478495
491760630
248165230
422993650
580189237
62892246
311362998
368661167
580933656
263339913
86416607
539802244
405500928
56344653
269022593
127547921
577570152
222639327
129329706
578418174
578451369
69252620
269746865
560267860
443985006
492501051
364456072
368474995
577488026
524928232
455653569
386447254
571883129
260312168
130142534
15821366
289524427
100821636
482462701
552791697
428678604
545339613
568426876
45081312
561368435
559584429
542810451
572869203
305040069
576152538
187460404
90157711
556153996
479408351
575880240
66186952
428893871
571915200
68964900
570975396
369851971
112817676
219577467
181084825
569958792
115892963
364329147
193839120
78591204
286245036
390912519
403100800
495712611
330421383
124143914
190963466
573652302
160336012
51146100
572941256
33994488
83866538
456747838
521696928
494401762
546016448
565825655
531447785
56197374
572840696
165412186
475642720
572675456
569442494
517734853
212879517
572074261
553069542
402329236
571148383
15261523
513057079
557784108
571024872
564605584
392789653
253554207
280928360
21615118
125096137
289937908
472078811
387595044
207327594
569947452
569846293
513455761
49710606
80293559
30871910
289589132
558477449
286201896
257978788
539020476
461183226
569049980
435135749
443134724
497885944
568998852
107690427
273053024
365464154
304600245
558987277
112260640
558895742
86944818
68751660
549556143
499767702
533057803
354221421
351313875
565511016
126441842
390033019
359834051
554316375
496380558
320086375
478046549
410602981
427395205
521642596
502134068
565314056
476915515
496198861
444484335
307569698
407195467
294194214
130088621
277971488
92548542
209075158
561403603
416499413
142435788
559930407
501856185
499626299
401680210
561937508
512372710
87867219
547573328
483324960
214031673
275255493
475642098
199373291
312897892
147995105
302703815
367717869
545957282
217076338
57919498
561420345
18914970
15968320
531562267
324520653
186461407
219057155
189480899
478762462
561978726
16308165
307192008
326250781
561210710
123287798
226306867
432501371
561439237
561416014
561367293
557952046
274020959
401964696
268420605
205863400
159029849
22163545
442749808
520616140
73095998
478021175
527803235
520244849
560454371
261626455
422907633
329109624
560314082
558906347
467690771
443178031
120830685
99806726
227828896
560201383
368869756
549357054
177517818
125283148
559794282
397492531
545255426
559282367
459603464
298902319
453212034
213722613
306959774
536258325
544505866
250352157
545821133
374187599
558707625
440381744
556541646
558103878
119884426
147122232
556913710
557802091
368275019
555301312
557646105
285690779
92977824
287852065
458732639
361947292
440166219
480778141
221375217
148343385
534398987
548483585
556684852
319037531
540915154
466661940
384230510
337483541
41318264
454119584
556357244
518715140
35326384
463907386
16343685
51322077
414173275
434110849
15413811
551898997
217729234
402575148
56086976
385999796
86524686
107050755
27631033
54591968
554729925
387801078
555425894
241618297
555387504
271070600
512412043
21934133
517399961
165019326
43550016
272960982
344969757
137989831
122157363
4491541
554965915
306269865
418044190
455022026
512478059
82324446
44910050
505781316
265567610
553384987
550179350
391236640
491438261
463994942
543163084
541758459
552811360
310672122
35287180
296982474
368822794
103917579
310892996
66640645
381385898
516374993
290531844
22932724
39237943
332824252
91542992
264311309
171842627
552090755
260360258
81871603
297660102
195685046
26033900
79145543
55282772
239867102
287790654
49021972
323200544
436966370
462247762
108294581
75584215
330424240
47911556
390677037
42896642
499011129
141757962
328692977
455595694
537880411
350946133
319877273
388271189
48659205
525929909
270558953
549076465
322583690
333356914
486528413
547098379
400034378
165431452
468218184
546062335
484038387
37424718
423319929
48296928
378170082
140461867
109610306
541054862
55543264
88941803
118711967
392155466
388113143
304870476
115432207
311134278
542586090
480735335
526996755
61558064
266817357
535467412
86576146
14713671
479754187
489630964
245208103
191811781
457667197
6436352
522372787
401444601
460027363
531266462
539398280
430116132
436650588
56440589
272358824
465446237
211013304
62963610
537309114
537262647
404967677
149931896
43105990
421902885
431461543
57721101
535092895
531060007
450990413
533290142
460112877
202760712
459163596
94345378
162068279
87057416
10794242
46343955
405118559
531085561
483183195
478701044
176482622
425251503
529716442
527988706
498370910
80306849
477888361
235203942
371334915
528640766
517396292
524126278
480587330
526267169
332784684
525319762
526092584
447318265
355800499
424220007
143773630
399603449
524318407
524453404
213785676
268231905
146389635
359477189
374974002
62900248
276106605
86322463
30860580
517587264
454761797
243339031
59527288
68365096
40056514
519951174
376761934
522104502
105787781
215756755
368266328
521250221
498086465
520493821
442984424
164244217
21077186
123428922
36430006
224019583
223781537
185721697
490817851
366684522
50664506
232140990
22225716
518260165
498767257
19259216
433805158
434273766
57657181
268255387
411022440
515558546
515639135
163272331
333398212
511642490
26073581
258345629
482844688
76029884
441138601
70976493
500144925
456473092
103618176
121385731
68708913
49660195
512008265
292197974
511119038
391609474
510001067
381545517
389472752
505922338
228408228
503676268
240243139
482796171
40027591
97462726
495090141
216773487
403719663
370934490
52020962
51689711
30648554
143746790
117181753
499097652
86337508
172888334
498710931
391368222
319448089
113036396
76292470
50334319
19759840
498027725
262645830
472357532
477212826
447112623
136204838
159139611
492959039
455865467
163819696
450809174
471221756
122027196
493215816
248710679
104218195
378208033
381523032
91354325
366609996
195184538
55842138
340501832
250547110
393606666
490227069
490110146
209776567
71916767
328155761
124966986
69375006
396600022
50978544
92118328
486563625
412418720
190628857
430604972
36035345
121124122
435934733
256433396
467891296
88519998
481940130
368805843
359045902
481458126
47353540
385582457
93192668
478614400
56717158
443021595
24869822
289559187
268847903
42246035
458310583
478421881
292393886
355452985
468916462
320458821
56943487
307929540
307282490
266486645
291625041
469412244
285782184
55573424
472397374
469329784
197150227
403606788
418575864
359987313
468347003
464045447
256006109
285827561
457509571
464889169
88681909
94594648
463489726
460135405
75743430
51553626
456569728
367794218
433511313
435821393
31478098
295933528
84622573
21774119
452431403
450783611
449665012
449103017
448325311
448184840
446561383
443732264
121795193
415953466
82297248
115309239
412349542
418235357
403362945
322159524
313914146
183172000
8819472
196153872
131741306
134522365
412901594
321289279
325578581
133027622
418068478
51122313
416175678
296298053
106839027
229785688
124502775
379104473
89977063
339756483
392266782
388842081
14833465
383377799
144756841
21496478
234569859
131220818
39740716
378656440
307898580
301494910
364909783
373817076
369462065
25902982
155538999
266507113
351109875
278521661
125436792
348971737
338483872
337305841
