2256780052
1383835002
3031289100
61193100
3030469771
901628359
2845069145
37228329
305816101
2969365390
1933042237
887174203
1515241796
732761120
2767739098
317890407
2909190057
819546678
1116822571
2880375225
2880621074
243705122
554466968
1460146717
496860814
2805714189
2907427348
166214707
138740236
2847157805
3032329619
487922419
239079977
341146197
2429250061
2875172287
2839901499
2883280215
2870161268
445736159
2875131308
1511355860
2732223795
2587534980
2353795117
1534189050
2206884936
2878081926
2627223246
1926774590
297013770
494888547
1660596331
2734261037
2166692899
570956507
1446374768
2529327002
1652472517
1655437195
295328214
1086440911
543175174
1658008884
1249434715
1059896275
1615445594
123246679
372814175
395365790
1865004853
2881778380
1660135992
2618004369
1251876470
1615389006
2637168858
150298021
1638572780
1660235672
381698951
1640430686
1660065595
2163240089
2887767483
2166428550
1446460646
2742158576
3027717351
2858217315
122426465
1884100423
2152313506
2458383433
1642974356
2152257736
1533667412
351185425
807693704
298055774
157600357
497876382
2243961245
2190311708
2987220640
238178951
584180064
2836795998
2403806412
339819452
2807686136
1558411062
581303408
388511443
2981428690
369450549
285039350
304590007
2815633133
254095231
951187992
2984583556
585105497
157715686
917487554
120244881
2824956569
126273296
1904329136
2390647574
505077699
1711761098
159124478
80013510
1635384439
3025690647
125793575
1640525647
2152238259
137694346
101763750
1043169637
1623115249
3020184069
2329953641
2466572425
2998813041
1705141538
2839922627
325043016
585636763
124508160
520295556
1676356795
2248429086
2583592915
1511647375
2210770728
1224730050
2754603851
3012436953
2663202780
3019763229
1530347348
123303363
1112514396
2979848637
3019516601
2334279957
2951936877
3019885276
569380053
32406910
850973472
136402916
1285534417
342428639
2968314640
3015288556
1030567248
2984132153
1435362097
2529693625
112754792
96956050
2594540371
559381750
486714609
2974476256
454896098
2446318207
3004597688
2908350915
149446728
3003180731
2997920211
2994695075
3005335384
3004444804
2219805904
3002973015
69931669
456240494
2912872839
2216053412
2994237245
18390922
1460085900
2990042566
60065304
2835209171
582643493
994878660
1018224116
362865809
36089618
3003401937
19588507
40398056
2994293242
572737846
2972217159
584177411
503618960
184965281
544546584
55895920
235590145
145634974
298129019
2996357595
2627945380
1909509487
24728010
831803738
448541098
1854621121
2972115388
835101397
2325480433
374631407
123830541
2969398905
2978777433
302767216
2220029455
590837292
1274053202
2163346794
231366066
1897024711
468234990
480802423
599147304
1132058610
2922812783
953560772
1108614955
2958368644
1007068262
2813591815
2200050974
31904265
35263590
2975416777
554567552
310754523
546574908
2925904636
2982490420
1255627981
2973048893
131943480
2979812529
818110177
169835544
364211402
2904752901
1461998600
488511543
560386581
2170771316
2806253228
2925286378
2397505848
395134343
1734463398
2717827238
2435530909
120065557
82697703
395217909
235203942
855467528
453693231
544461777
2964384249
418584350
2923198787
864903428
2962174467
2973424911
456741908
59866444
2921758433
2958510701
579821480
58419569
103213557
1577318647
621050318
327232381
487464852
1290966710
1350250237
2955557559
409228333
382149390
490280813
1266781128
2966020653
2918275905
2680011303
2966824546
2892979305
336715611
2968003185
1339700414
2409447756
1309722572
437671019
542564690
1592929098
364456072
2949292678
2965039168
574440002
2965877338
804241044
1266906990
2962580837
819770138
58531975
1079853301
2941204701
578090570
108320230
295352370
2956488989
314646820
627368317
48399886
2892202783
2953396017
44933229
2953159294
633300561
559521930
2769857296
2932573965
309353375
2910067275
2741679449
2888108920
607240830
2935203359
238095495
2939599067
307729667
117806082
704862174
2428558630
612476522
1670126420
2854447683
2805833041
2414026293
2867621374
434711390
32861321
2869932182
2629120984
2927426891
63095681
1648020907
47390156
721925964
183621119
257864556
308457772
2690148588
561134743
46936334
602673989
556245581
2883202774
2912394321
2258992861
2654207307
2927472601
2915974912
2734184093
288543610
2271835956
30648068
1271592385
2878844652
164918562
1011918966
572819688
301522440
2914279396
318483072
704825988
926310499
299134699
577980372
612020645
2924292361
350166022
2925849378
131454808
50748968
392794393
2717609070
2865628469
1268710765
32890200
50996956
1909109562
245742944
2907569271
2868789665
2869778759
104358108
510200854
551321755
2775834095
2807467349
2831451260
394177594
1660906284
2276035182
2850764119
2225429092
2900916285
36684721
92281584
889069598
1573668349
2893975905
2891172046
2289319112
93535125
793993915
2872101741
2774429421
118958757
2882278138
2890842759
25272761
2888071833
54169712
104867801
131645627
2281298436
238274055
281693573
2866084811
566257628
296391564
506130063
789700519
547023789
787017542
342624395
237226073
427706967
192706782
259002896
456523334
532321117
2339577809
142398229
121814374
2420492013
269249541
2745087121
175711277
2858907706
2549831972
2858176002
606534710
1426273974
1510814616
2835131152
2871237519
189252220
2263636120
501703174
391849209
510309181
2296674456
591174017
86384072
186888466
1612794127
2191397697
1140810158
321041896
546084687
2873101611
61794845
40446608
871688402
155511297
2788692184
2296077447
558107628
370220570
2231689570
29060268
1493588586
2868804742
1031530362
2388838968
2556793152
84622573
710532894
566190372
2273547541
1074681200
2168101548
546538327
743248158
365076200
201909865
257826595
241259807
381494473
557061062
581041933
1270868970
2186150534
428108248
455960958
259526129
1498523011
792177463
208052002
2537208315
51068665
2829912773
398343385
374077853
413436431
1746195361
251791173
1198377068
715988080
2278837118
883022232
2861090866
283237411
390653196
2517543728
2862156802
2787104704
41553381
1297009826
181698945
2757229740
2842417703
2856784271
533359568
12045442
2884600447
837688422
63796828
2782378217
785477964
556141996
2175819108
467654420
2169562704
2561823482
523678448
336990621
299000613
2392537494
50312698
748822531
243318554
246987572
153821358
447847603
2760625253
518322151
1399337628
2207366460
2843845590
2444653768
93691661
2265343391
2800635641
2774203403
45786291
2797808517
1227524113
587766945
794598138
860200980
222962695
1197138757
2831960953
2236018939
2800075842
2785098633
2784032993
143554816
572777145
2761630999
2778866403
227227338
2186415841
281003551
1867789488
2724628675
449789855
2544717783
487005181
546094765
2801508740
972299916
1701799980
2800286534
70622460
2322784206
56333393
162477658
1732244154
375149632
2366447602
83919531
1485766304
391125433
780874975
2778418189
2778131736
2734007490
2206557885
2774096749
2769855596
606330171
403523947
564078634
607460475
1910367420
309392462
273094527
2198056299
523715808
2721196657
591045283
2734631542
617283196
39098805
2162490576
84068371
1103164656
839973996
916885621
531331719
1477549350
1660668692
2677606194
80651956
190300276
2603852838
2655404852
21014338
2685953437
2399229667
2243661532
1345957459
307020440
2445602858
194438502
937432747
309839351
2558625661
517709480
271852998
120495644
476837426
18900566
486421319
1454629021
301923756
40567647
498624324
415563680
8363122
2203639256
2666201606
1694935794
1823841445
253143160
2657932434
2628698149
2241094848
2309653413
707108720
2715763221
702569269
2359847204
43386572
2164397886
1186405274
51037828
942257101
550342778
509043507
921530864
2214572995
84618195
600128586
2567480485
2174761615
54903582
139047552
1242086665
331195259
2593576993
823160317
1527337740
437333091
2153217721
1951720596
2580987876
2584394054
2576040545
904553245
1715571290
2451222006
76663438
74458648
2580302657
1866848142
2543472781
457497011
2524932158
1618036238
1859586072
2527042890
269925588
2508336973
2474244812
1125658843
589911803
1979378185
2498334476
2492979440
1408035781
2431797956
1060840424
2288509179
1123664053
1189278025
527715676
588467739
2521508164
59737843
557743029
300126391
256060866
29712306
428991230
1159489681
625438583
280938739
99707826
2325557180
2402073054
458339469
2449785716
228791398
28130106
2491352002
16600141
2464220433
2435220096
2361697307
2408951089
2220013557
2164616164
2427870447
2371604729
911859696
888676590
377369301
2423179399
781149282
232981730
2299689952
556853063
15328744
2417614047
2401645856
101879602
376649015
348600878
404019955
230852349
222807749
442160520
2440669414
2385938628
348361587
2438210170
2414613067
1283125862
2147590330
129448197
245975416
893767136
250218492
39509183
253093470
265280644
538508409
1930142036
730178551
39592795
2160240943
553858122
1163614969
133638377
1153924717
448865779
2383546313
125002240
233857572
110749131
217146151
591260441
310892996
1270058947
59726487
203223438
565763349
120027789
130564441
185166669
636295766
57657181
2428442745
1680409748
629741250
1198838155
242484533
496417958
1112168388
572874418
303429108
1359561595
473280844
28111251
549470227
941688636
124167314
268723987
18728765
2178289802
2166222610
15413811
1380620419
15007526
1345217960
2410836678
2375078353
70053
19111200
2407265822
70668062
572868489
2196555427
1135228627
224255455
2389041049
122519519
119865630
358079011
2359382064
324358644
2350253288
364141533
857928674
509977381
484777504
2361928806
2394793737
513243060
2391713705
949523629
193839120
161967080
2353423708
1048756122
92717464
1359254178
370045607
1541531990
789054044
2358384180
1379433385
2359285005
2304629903
1858394226
158384460
852725252
158037567
1060947468
2148806760
2352203790
217914918
2343890527
1591312609
2340146544
1243251313
412234902
2342935106
1125729019
119866150
2338505948
479380820
47616044
2334530915
2335143428
2304676076
2330648437
244489358
493016406
1625265876
2328996000
35710707
2324955361
122616851
27012668
2312435632
25577500
2315976018
102477149
26584935
932471954
298204956
126009699
1586095566
635791935
2312370529
2288644303
455692882
248023371
2308696668
2294185341
389010229
59151657
54536232
919694580
2295948167
461250308
2302822339
2259016467
2291680587
1875585475
363145116
479409614
17462818
1918261704
197023129
105161521
268185172
31080997
928229198
245909605
464676442
121064380
219728210
2264278084
155631773
536463986
882751058
943727292
517898463
304300597
2278830991
2149340957
715231807
2194143980
76964978
25379779
93722558
183448942
2283500389
2282398555
1731370338
63516707
1193709992
18578222
1484634488
92795736
1858734698
2219318396
2234254440
586823301
2273132732
2171346400
249191910
2256187431
515929986
2251785394
2244542410
2243266415
1114830151
208680488
704670542
1283186346
176540776
2234423897
502043939
132425386
1953473324
547769674
376194575
91528893
2148667402
1333920145
1832190403
2239530092
2236113462
312902803
91354325
1545693264
300301134
104204187
1944515191
2223229068
51989998
2193236698
491510475
72365796
325155759
1386973206
2210618124
599243292
2194131866
319584334
1340632868
308373021
121116307
591245009
75091065
299517387
391924350
137264761
126326289
64164947
102519163
1923321014
2191995625
2178712228
43717936
858068904
574794958
411703930
201831817
508714303
443134724
1693058526
21770922
322562643
956466272
2150869382
1652520013
1915281888
336502024
1358957287
1405921910
2167994756
623589213
128194272
199657774
32566527
2162890602
1430588059
2154006095
607265975
220104624
197437337
247209600
933245594
2152629552
1439450022
24785141
1622652518
1555371626
710649663
599597714
480501260
1498291981
525252451
77961112
716557241
97707610
1721979162
329106750
56050922
398246732
86285334
398176734
1934566508
127278014
493223124
201676326
488571101
1279853971
313155792
1946088026
458639641
1944445009
1332057187
1940729534
1940453756
493851730
815272154
513726786
307483266
747413498
253749317
1918209840
1331722362
49930859
303851833
1009214252
1701147625
103406007
1530357362
609365147
1425671683
519410205
1702559575
72206839
390637569
560484856
1282627627
637230420
1050757202
564178700
792258301
121783554
20600053
1860603444
123519295
1857408126
300364309
424316976
10475732
136581237
1481632950
75340539
1234656506
132663691
152628187
1731928536
80114761
1707409579
132200207
1707395479
512433135
585860855
343643840
1707250278
132939183
38245952
424499621
167344509
18448092
96577819
281651950
463343151
398263864
299029636
303260232
50961181
1367933179
452584376
1681477340
1571197560
1680632948
178691972
215800032
130444310
457551659
1396757580
1672021676
811070796
18121330
1667829548
267137870
232615979
394327194
1659876492
1264089042
893105671
1528653032
56840335
1655681748
1655631481
1289342402
551185693
97454724
471017791
557714667
108898865
380487641
1638705871
34998353
388143091
1637657209
490267130
56971995
1483103676
403318878
46385009
1318512907
1614818262
1285907510
463009810
22052847
491501392
1028927460
235666157
802096496
1601652416
356068520
1550440608
473960885
1594593924
324461127
1593826596
1030202864
1592095320
614605750
971375216
1558963166
1578694532
939448218
1451528659
457315638
363561231
244410281
1570399572
1564366682
110802198
1136588990
65069875
1563260186
997463460
1244412140
1436520596
22634605
1300892160
120814463
20469728
1499114802
266215308
587205546
79428084
330960382
1527171134
806560098
473207172
206111284
1510976827
67017005
256561325
549335705
454871919
1495221392
627555634
517741424
190745306
528805233
1483355924
1483159790
590897883
1481776585
1481660773
1477682418
202418630
1259754103
292453904
1476647130
447146957
1212661616
28319842
494039830
435006062
407800117
1457980832
26865539
1412306599
1407034902
49051396
1391826306
620404763
1236818677
1446205729
226912099
1071728066
304657264
157147605
1439580842
45321744
51163193
482462701
562288728
96757336
69060527
549304665
827459192
1428175802
1390485180
34651626
1424869261
1401777116
1422658465
1050986796
1421258072
1349976289
1241918599
62002102
620383674
124794792
1415590820
436969238
46702291
1343809310
1399528986
983784553
92575754
572565127
1407937909
633648169
518730763
543563794
43103460
1375382576
941694085
1364850720
467034334
65976226
1336779547
566578176
487936437
33485874
155035562
306462985
282501440
555805321
1386524420
981378810
519620172
1374142794
1352440886
296748789
136035996
1052915305
393680615
263805600
1355009564
741307130
314229694
224796649
98353415
381385898
52117362
1338624936
892881806
1377239215
87920562
73934856
27052934
161755940
270965427
91355016
342911185
148243439
376835895
1362932294
1362335580
1359934674
629492134
159898660
1101369110
200498351
593758304
294009128
493095677
1343412644
471532985
398238923
18797018
52359090
730866787
815841031
496034677
300738211
158372559
144267226
26562619
1341575587
1006914476
112500440
56159964
486889062
423527456
1337142944
945769182
618023742
56086976
1332465931
1322318948
513556554
523021274
1327613960
80850071
926288233
1154611542
1067829204
566555314
316431285
22369081
1310985091
155987638
621974540
954089996
1308385328
253533923
29175469
1307232624
78583942
373310813
502973886
25515282
130582445
989036186
481224986
1273378736
558043309
385603790
1131637950
1286656754
493001993
1128580904
928147652
54507737
1242126283
482163544
1267230259
398917455
35415144
1029230630
611025060
327362588
423683493
239088218
1197010362
1250152262
504414267
1249815542
625571380
222002632
1141946606
400812780
462698706
384249756
456601293
121658831
442929408
272424714
1157965740
508015168
535709618
363887786
287537389
995891750
245023141
290490473
1225066016
177952033
1219738453
356101357
1119535723
143445483
297653736
484874248
619305955
910580502
299942771
833772511
42793656
309971078
54302218
134529200
59782622
17570170
23000002
1196652630
854780142
151206352
1093831237
299728000
581957212
38012087
195077197
16081438
67042070
878412493
86357739
45632044
200646499
761321606
463623199
33889303
254670860
330429430
404829896
706368444
407866903
369440250
224215899
296157422
287638552
507233011
886320618
96844189
194327700
168156253
454828932
13689922
470376114
251785006
1160310638
475069097
618873469
87458561
44993678
405511060
1091171634
1166883146
461079707
253312786
1166709102
1164124874
14424892
1161098581
385554858
1160168653
90861394
1157540474
1117875462
396020490
334023132
1154737843
1110370614
1150775372
897174756
170703425
612582864
121876169
19178922
1145731009
624563712
301592989
48480412
6311192
33908881
206596283
39055986
1134148568
18200914
1123104943
1119303426
39803668
57652561
1130716358
1130290334
176206225
803543222
1012141488
622973990
19235445
421336341
611731339
133285642
495066316
389575332
140867876
117149850
940826004
1114807369
529404648
129828906
1112386003
1112260176
23197118
458382976
368368484
1092383318
128595242
1108827547
105579558
51145541
153827470
94528841
460323499
14798184
1104799519
109209218
245018581
42027984
1100690456
1104193746
472852289
728788694
126125762
332784684
255565127
468916462
602150657
475452104
120162548
452990627
473256253
602533619
17405597
856881738
37272303
1092408505
132136754
603037666
607398657
126429583
386420141
393055731
372045577
1092661002
309555492
101241086
168717698
969903042
14598812
47087394
43943109
29950305
115138266
260778995
19773905
372234122
36507013
15514281
277467968
223203934
355360909
88370316
462092970
459898244
377980921
854293940
244478429
176852318
242694082
22263680
92289699
20302424
132168167
110753701
14409293
1083516372
876443995
319836935
326104785
92307258
27412519
53106575
118812990
930413544
53466947
950406474
21872258
74760152
476753107
373501340
1068035017
411022440
119859154
379991637
1060180770
131871207
296229516
566662796
182328472
47341858
269347791
591754956
960440371
159622227
160293934
370845462
17674320
266568564
97168707
479699883
246660434
317831173
312951702
85554206
20301504
14893317
17972545
895763485
10903602
188902986
16906374
168685519
455658048
312908746
307925627
1029619896
119864074
18896369
15837425
369401628
846350282
923763720
14306830
443783287
47601905
601171249
24870594
53030172
244112501
259794833
15267117
21748137
1486721
40092633
20668035
10078802
589996946
123040901
180906743
991643359
1015477514
76041856
382027019
304894139
297299536
1015992817
89411776
998916840
562967848
529616117
75989001
149277487
90020250
128844246
102175851
80279340
208511362
334044267
622976461
540880878
440756441
17563334
374515897
410757792
1007166212
606712833
300492234
421109801
974094770
18303837
377359756
45454515
266537047
825322124
341008259
146459958
357557470
22487551
512958134
954022866
29952762
728858635
1006344985
207631109
126105638
354281486
359844839
180048071
392538070
227602116
292034397
333527584
451596163
241007632
935735282
234526239
273931678
130171181
165829398
598573899
119898719
35317699
314160171
255975876
299871826
608318391
33527651
238912189
27499685
196673146
815673948
383116923
493067593
597811143
37012862
52504248
34274893
125941781
18223218
176413029
33462636
41954389
208511810
560345046
37945489
89303230
357103658
32341614
147306427
66846097
879130651
27082370
8402772
1006103707
379591381
56062223
556985422
242317732
200554582
75996644
5817212
