3005129421
361120318
462206110
2734220363
2976034061
2979170841
2975255517
276099436
1281673855
2984347857
2962607117
549279029
2205245898
60916474
311396141
853524805
220718912
2883289161
2958756135
2657410314
2945547327
2945474212
2280135735
543343927
356343687
2921795565
2195461762
169466028
1616196415
1403104386
911385846
592907928
2916110998
33212224
2766117665
2802932986
2191235862
2900552607
1225757532
2900248131
190757650
2692461489
1468348812
2892271935
593560139
2889303701
2884936228
1347631158
1244402401
889590968
313504849
498270105
934604214
13179842
1333287948
1101232718
516629493
2237310620
2872863987
2312815883
210189946
521672927
2856498785
97492075
2880620246
2746452136
2875228002
442746294
731385727
2710374687
2822489170
383728568
48991873
2703287264
2814122558
1546570124
266126600
286601891
2771584624
390238096
2790833648
32932378
2715857039
2760574272
164667290
2743527889
515729442
310438255
482012445
417889205
100026243
471307888
2311636442
2704609887
2269608087
95507806
73620090
610436136
304072943
2640295220
157933803
2623989035
194466585
560597150
1053282331
978758456
2411488735
1468474735
2234845735
1265467128
93171273
2512168605
2509770600
2405893781
1216597734
86055294
2482289219
1704107916
55849043
161454881
370974919
94806328
1196565409
35184395
970888152
2379113308
2446902063
2407341338
99711205
636947865
1154284076
89548164
2425528695
885330919
506331324
2382791414
1858920654
1107115100
129821394
845333370
232838604
2364365455
256814670
1426227463
985417099
553071597
93051677
324295564
122929435
2202481679
1209247686
1317123344
2333664032
50675157
316405018
553575961
122623255
582646545
261805913
384493800
93731892
344147287
268401377
234932099
769843392
1125661500
36313118
499776909
582590918
2273485571
388559863
2318109329
2299759207
2265490347
377558242
161648831
2305013238
607856272
92400654
2292095568
276952392
2289678918
2286470852
380918404
2268008066
2260773061
904673594
2250019046
1329792446
1552854062
2219981776
2216372745
2155149556
491271361
250059200
2201142812
2149794573
30844994
2176715188
2184438139
1033246410
2170999139
211639362
999933775
78146925
226231719
558791690
7096912
708963401
781339898
61728485
154264826
560184169
1946615046
582654614
56138819
171625654
1908294571
1357755373
59398891
882470580
1063831777
1221484243
1860584112
1858563271
1851619590
573700502
389618984
565868306
500372364
572799746
463049083
406056429
186021933
197937597
1296480878
224359925
596039109
440269298
35094127
447514849
126567203
496159838
586731204
1318914126
1530561630
946408230
951832939
571059965
637039024
1334349716
1387808335
1413633942
1385655458
1389127436
597398268
1304963077
531518649
136011481
1374866521
805130779
1362394448
534774802
1066281414
55635970
1275496646
1332334357
87900082
555058547
1267957861
747221185
146233126
797401346
232965905
118794978
259488076
172445119
129169464
1272533851
37065540
1277729696
605474195
1275069542
98717372
1262698386
58987080
239724725
1222150123
343416644
841983984
105446838
628424161
1113938202
1172652852
911381689
976864518
1200576764
1190882658
1189557938
1187134675
1180442324
131284921
1137913508
794708048
34568151
495093683
803000899
127498994
168105406
1137723090
819803665
406557057
966364688
585688445
1161312194
116197733
113448209
334814268
165391492
54523693
95099456
1154255959
1132312292
631811117
1082078587
585060095
608334586
124533651
1018276783
433114822
120573625
440916732
216529449
916619880
44320425
970603711
387322586
1018537585
200439074
1139911003
494424135
49464401
938937002
52488393
188255753
338304103
438256062
144641019
632321035
978362449
1002503126
475102938
610611064
606173437
324244731
378171012
845887903
495897213
1147568281
577139005
846871969
71873850
178847486
997714826
569464600
462158470
584177998
1078888387
381407504
456784827
362781058
635358807
318089169
849628855
92241945
153747178
120709943
369467877
944753785
393545765
619084653
554783163
259421966
40629647
539220082
361774065
255466818
432982425
300438826
833699010
161714113
856909651
392490045
211583826
1091171634
632356597
1125850256
282072968
190247715
357527336
1123409334
1086557436
1018080631
1107275186
1119850447
251060985
632103670
254072789
1110249834
1072951572
269818244
546720616
32926673
731396994
404193009
525216730
1018529629
1086476365
496806513
1081217347
1077611828
1067684298
1060318633
1065772884
727785840
119999387
158859668
105849176
15041097
914120539
107254502
425204393
607407935
233214934
937335751
231936240
273688972
121254989
525714836
1012379125
923899124
1033340671
243251984
1026703375
213355956
1022613776
1020609624
1018632570
124239837
1015440828
573997449
89825112
1005988202
991876728
103654130
399486738
288228976
554665597
919961569
187496811
57307298
122128305
594698900
995747114
917781187
986620249
458657556
501255333
453874022
899508576
182532718
715484455
347153365
243484590
948683114
91391677
954498312
582911702
70734618
393707379
591298452
541242206
944150570
941593345
378249037
353934161
471544268
167947015
821567071
36769722
246886777
819274734
915315487
450986548
868445328
815893940
185652286
904002937
278213774
824832984
447459637
318941715
890525982
396859216
582116780
125453604
807005192
763430330
175030534
735685801
451098442
121239326
823173157
558062782
573016923
302929777
626788218
354223834
43129108
406410628
328087031
499784551
555447909
329510705
591135611
25806302
368337759
351626694
819865700
486097985
617225200
214313217
8186352
135956017
24144360
820399903
398633463
821277746
249155985
511814632
364543584
368055895
299755073
169945475
347817776
143424130
785596765
246895828
634644545
