2735522877
517722401
2382898496
3037140335
581112187
2639711829
2434129661
2245541550
1586608346
3036835540
2956577301
3036885101
2841324819
707944896
2592428619
2937796360
421962331
1541077855
362727075
3033322559
3032990583
614741658
144645050
2962857797
2798886503
2620145214
371876733
614600632
1436727901
3033794955
2974312799
1444845894
2540050002
1266648727
1557773389
2237146247
3028104190
1610516808
2966869643
3032453903
1273423314
1543551518
3031350575
912786493
299909517
435372957
2457227253
1133992543
2495306797
2748843231
1974999943
3030117329
3019733734
2890996270
2322370194
755316656
559350307
3029931795
3029928663
322236495
3016747100
2303351053
3029730616
2863373489
186535038
2755651101
3028852835
2957708902
874110210
428463737
3028595663
2361083401
2565303727
3016558740
2291756793
2245129209
2207936770
1708301888
1373172726
2738473887
3026544569
381487587
2214551432
2958668662
2361797802
3025601470
3027034114
613399676
3026947673
372263836
1344064159
1273515228
1670517422
2739835243
2687352928
3026244820
3015657622
3025805267
2411159056
2893831407
1045746506
2169840232
2970420081
3007381623
3010329958
418338763
763557062
3024697228
1332746335
554245167
2172714920
2757161632
498734799
782315407
3023548421
1897654922
2806273179
3023154767
251732171
2238453465
127349580
2303986685
3022907128
983119484
2696292358
2906253969
2834340539
128676023
2879581134
3015886744
2341905027
2724600418
3022262979
1251235470
909996326
2850455445
376822870
2871324461
2972981037
3021347321
706259723
2304104315
3021017758
615800919
2988664215
2982583720
233643011
3002001393
2383410791
2603180672
1151247138
2751568071
3020089667
1391951732
1087436269
3019825433
1267880672
293489011
2878733501
41818315
571670757
2298785677
787535856
3018941824
2838603976
3018273508
3018275663
3018221914
210073976
488080850
2467362062
735728078
2918557354
874134096
2903565117
1038061729
615587073
721214614
1228690496
2980042120
1565491650
2371778754
3012830536
633276767
2938761982
3014314287
222170278
331503964
3013262319
104183565
554265293
2957402367
1527934194
3012892600
3012821561
3012758944
456974016
2292294561
3012574054
1646728286
1449814316
2618740229
1234793768
1486116469
3007300790
1385417178
3011199549
1023952148
183451428
2617868853
3010822402
2242766846
3010623183
1089875930
1123047937
2708804061
2494594506
1114723674
3008591123
3009851302
239519175
1612514732
2497111260
996074750
1022613386
3003513563
2841297916
2990710762
2933424609
2968646015
2166765514
1417526089
2614363810
2314405780
409467087
930122305
934024808
3008176601
2907900340
3008033254
1495783064
3007534355
2993068534
1152756038
281654639
3007817813
1300201500
620178107
1384958167
437581207
2262882210
2172669634
3000360119
75771371
299589959
2453393228
3001996089
1370470250
588213805
876349800
2938606870
3002884775
1452532698
2350723571
562849372
416943908
575416368
2867379492
1712868115
1041960842
384400701
2772327891
1495154862
771773894
3005618063
2990092431
2879807967
593978181
3001852536
325124025
853474836
2964895481
262766376
2150327395
405221801
1388775338
2945010424
2275139054
3002369779
1289571720
2960721598
320999227
1866963673
2310285696
3001699657
2404933740
559381126
1385470430
1385683405
22625741
2235269136
2243977198
360033836
561558268
2949881867
2788060275
1145240720
778556510
367858567
819994796
2383595261
2291655553
2406527714
3003427594
2289759880
2970683645
2826714385
484678561
2993799393
624162627
1594572649
2326004755
959004182
443355976
1858758240
3002111554
2942536757
926033522
2922020523
2965632405
2159423402
457725760
3000541647
2944828030
2997514490
2980166607
3000191693
1451804678
2985669502
2953505789
3000133990
553007864
2996419749
2999887553
1437984906
2997198516
2981636842
2740076537
2972837494
2998670391
540954719
2348382780
569308284
2998367986
600453273
2949562137
2889401169
2375696532
743364775
2925665944
2196161960
256393194
2942320749
2165440259
2440617912
1101918781
2997743147
460350051
2990576991
898149919
2997090257
2996896702
2536610451
504708532
535075215
1356562525
848232061
1259311716
2918270555
906007729
569755856
1957434176
2899522949
2572801615
1216282826
941193487
2962030103
1584901274
628745375
2363305187
1559275747
2993138506
450711165
2862241803
2993321171
2993216320
2993195224
2309671744
2502714703
2950938825
507920535
1285553282
2978525123
2990161648
591372161
1583424578
985022442
1585928977
567547988
2987594848
710978611
857854579
2434094557
1862162474
378854127
986873911
975026474
1423322724
2990288759
2901232565
2990294159
2937724318
2836357493
2990076142
1655539970
836312214
1109037672
1063314848
179523709
2989301711
2689401875
2981633913
2982852316
1457456389
2651340511
262730293
1719590660
2704723339
2575341358
1651661726
927219578
332960773
567662973
1239173688
1396893782
2960605809
332375064
2982662103
1283983574
2283427868
2985711119
723046387
2985200219
1101543313
2978660307
932955018
1086813588
2925114263
870229339
939553700
2520944247
2150405730
2984013958
2937264052
2507685751
2410062633
1550712348
737522833
2982840389
2897199035
431533156
452486132
2748585832
1603885436
1063893582
758711156
232516657
2718445013
2982244089
380399220
825811302
1056695570
1066418688
2979893285
1897843027
1230244579
2977066797
987337615
2186327290
407226872
1328514428
1137590833
97664841
2964598329
2569091013
2972920980
2980387947
587425158
2831410385
2932832434
1275989100
2980934843
2642628226
1703873916
595591683
2907997053
1483178677
2506642499
1680705768
2984783814
2842565087
2980235519
613266290
2878506459
2165404171
2832368908
2951698899
2979970319
2150794652
743038717
1851350233
731515274
2850711369
2760723432
718066991
2978498825
921283110
2499518361
2952435238
2238078078
2909257151
1498829545
2442355907
2966092527
2339029342
811588938
410025442
2488522728
2209434546
2974763759
811774687
2962034291
1962909318
1150793047
2192380422
2976889761
2976919342
2933345121
2816631939
2724088528
2976544457
2939825794
2919727307
2771348841
2969609601
2970993075
2967476807
2774253566
2753927854
2973370900
2327196968
2975608654
2943974626
609569918
1172286680
1128602132
422842044
1438070684
1039890835
39951599
2975197413
2593123396
259951069
2466399764
2766308103
111940574
705381164
2787217707
254013108
707240607
1219702290
1294955826
2902586805
2501103253
2975339815
2841380369
2180867969
2974697266
2186682170
1304926297
1148944046
2280426883
1451252497
2958563494
762570348
1930937774
2973701697
2241460983
2960525703
332789386
594547304
2951153350
1428766440
2962779335
2957294205
2762677396
2973291959
150147056
1265976710
2972989215
1972327674
2930638451
2971078335
2971995718
2259605490
143479634
2166618231
2826602689
2408318231
1541599044
1072449601
2971423755
1449585378
2221366741
2971136565
1241087768
2169947441
1683041846
557585263
2970631595
1905341953
2817861296
2702923287
2970379335
361240138
1183699142
631988822
1606513500
815246197
2966455055
1093046712
1019588060
443025948
591032935
2938547302
447185089
578076866
2727102429
2571082667
2250557325
2592038144
2967556415
2966923480
2967482351
1296582690
2950321359
2798855487
948611622
2920857503
2958805646
1038646826
2966322760
2941190529
409056720
1026778219
69425704
2852539949
972084979
2920067685
2965304813
1225978178
1389353820
2960367549
1971005246
582839889
2897547796
1484924641
2386502919
1426303717
2697999871
2964768304
2806212652
1418152460
1616445546
2293339700
921850268
1425258336
2957295316
2958241372
2237543809
319681806
429212336
61994881
308177212
2817190602
2824742757
2959900821
2956581747
2798324931
2923372924
1443196910
2962465755
2962495481
2378652529
199861263
926476339
1372841004
1313541229
870328752
2960245559
2960273860
2829854897
2261925140
2943655769
2945214593
2782378797
2956444049
272714526
1977832850
1291987302
2958982714
2958757684
2519575677
1384124040
1002738583
2899714095
2204942396
2956558606
1978926656
2955253271
446361725
2264024500
2360447944
127015221
155592805
2453893013
585609182
2149180812
2883934967
2660892214
728098951
2956884305
2956806249
2942093187
521595556
1541659680
864530209
965581766
702885149
2707252369
2955276082
592592901
1357510106
2614584136
2150956111
882878690
2954233355
2938574175
2951819831
1067969960
2850290567
930055423
1352790428
2345915853
2847582857
841912284
2951874165
2951693885
2952089075
2952042783
955251937
2342444528
1250044344
482986345
1320013512
2951630969
2383871949
2908549445
2951177597
1572295261
2951130658
2890295642
2951107473
2260492493
2950379921
1107187927
2950212898
1138045459
574377473
1219676738
363872216
2567582651
1447275703
2943497272
1696559262
2865859378
2706893213
1623858242
2856775600
2947643243
2946936418
2944839867
2946572050
541035300
2504725289
2946287571
2946237591
576353535
1120361221
109649741
2546945704
326433880
1608452906
1430318538
1214245914
2944773047
559902744
2944278935
2148281176
2582877061
627756154
1969484388
2729745905
2943779044
2943706042
2787529822
2696988248
434210582
2943128627
1632885546
2943050638
2608501052
2939550441
2782563825
2942874863
1917742844
542486391
2942481483
782639922
2940381148
399014856
2942318063
405896813
2909282163
2942085593
2330653585
2941046343
594768358
2396673703
2745756589
1941482683
502283668
2941548941
2230784074
320129761
1318807470
2795765991
2940851301
2895157205
2911314382
2880243607
2941058817
245545590
2881303541
1109350003
2940035945
1357059829
298796537
2156450729
2940162099
2939932342
2939934796
2243365971
2172406839
2935351336
911203620
60095653
2939452397
1308657283
928155462
2937047877
2340474470
467749944
966091326
2570576889
1308583436
2148991175
2938370133
2723766557
627507926
571931297
2288448017
2938047496
2603808804
1393031299
2161885682
2935565692
1001706486
1241026537
922036034
2937585628
2326334753
2845399719
2936824913
2937215435
2936938305
2545534402
2936389805
449023761
2930420517
952544138
2327671202
2788671034
2163308430
2929417433
2925598354
829301844
852792470
1381540206
2835960485
1750242636
583784872
2921925203
2333905702
2539415585
610157573
2933885603
2934940397
2751832137
325627436
2934488075
2860215823
569326958
2856746518
2242819868
1267271012
1165991088
1588663404
2903951369
438354195
2875314980
519852182
2931189855
455221949
2811345710
1089881708
1891577377
2469322528
2589759330
809404674
2815732919
2863872040
2929609270
946962518
1935785773
420684146
2921607491
2450555129
362198020
2777595479
2314372055
2230344296
971154188
2932587353
2155580962
472974064
2924362126
2932628812
2932567403
2569595485
543325672
2932418487
2932377551
2931009178
2160447119
2931220289
2338516179
1558524391
1102371721
1943520134
44641613
2159152217
2247006814
252053132
1107465788
2881670116
964574485
338268309
2746539292
1915467096
2405825686
634026923
1905067543
536229999
1153911871
599429723
2920354775
507844789
1462422674
2821249815
2293316921
1941417606
2672050108
895184744
2383864307
2825046142
1431190992
498068585
2926933193
1475409360
445719087
2926054901
49732407
2923950357
793894507
1963045831
2748744768
2914762283
430088779
2932697569
1286674147
1725611222
2925649065
2441489942
1342264645
2909929277
302632148
2251030332
451728874
2921808771
493126698
627294832
2924303260
2766993760
1663664107
1553974045
1494328646
458842305
2867843335
576519238
2169713171
379006158
2176860624
1404716665
583542508
741398250
2922050655
2790613148
863426215
482707230
841537909
225197273
2635253132
2358578303
2848966451
602060774
881331799
436633479
2410699089
595670156
1924508954
2921138631
1207062722
1013239158
2201757486
2920544883
2919358522
2920515238
2895020733
2920654489
2734066191
2919673013
2773483684
478105928
2507550654
1157232133
1120435075
2370852118
1388191136
1630099044
1267740542
2260344110
2779652249
2703268960
2914471697
2821203855
2918549021
2872999447
562258394
2883026777
2570488917
2913901409
2917831089
291118884
631438972
2310326550
2889520695
624628130
2251629000
448206142
2347184464
1705851691
2915350515
426509289
1428202536
1388021515
2755690409
551102315
2914368916
2433422141
2671953533
477833831
1470142141
2885008258
2913973469
2163689481
2787159478
2913358522
866819676
2904014027
2913776729
2913617985
520556886
2827082915
2723061328
553469882
2924439619
2201937620
807233712
1244721968
2876219255
2850576046
2547930265
366049752
2715533681
2655863693
2909616256
562117039
439469873
937920487
440266745
1246644397
2680713880
1872330588
2908432996
1375432315
50831406
418871554
2864038102
2905096576
2895010541
2910771207
488942515
2910973833
792495236
2726423868
2872640086
2150913766
458296829
2910060401
609963339
967736180
269260912
1927918483
2909232831
2909504283
815876532
837140736
2909500018
941196696
1321011240
2909331598
2353273054
445738076
513628277
1166402384
1133833710
2276321804
119779171
2906740192
1613699467
562131746
2532708137
1590634405
910359446
2906935276
438757132
571098153
1715435287
2355461037
1831725612
2906880897
434083269
421308149
345501340
2607167549
1380327204
268437452
1651561572
2884042803
1385342232
1204088377
2872021558
1514206453
2293111013
1474393472
2539703019
1121932015
2906760340
397279838
328934472
410988582
1206192504
2887380797
775444026
485785567
2906669086
368037403
1456539980
2388372653
456298073
1089714726
1224929599
2223419463
1688661606
2788531985
831351440
1596940459
2243868557
2806041791
933251534
1573183914
2905733122
1355076974
584713823
1493228852
612919498
2712722390
1095003901
2865580489
2423446517
1498566984
2198093288
2567574520
1531947577
835468855
2818407747
2728525011
2901055336
749920596
2905406193
1915032894
2879657740
257560233
2905277841
1120615452
2904177101
163446880
1311708661
454298974
2774107308
2422150221
283740835
2896703800
613684522
2904230254
219727424
629811303
2200031190
944504862
1146318799
991053319
626849927
1131578250
2197759668
2267407533
394104293
2323882026
2841353325
2903445159
831703465
1013248856
866066000
150633130
70336875
2149276985
2304512591
2729326289
517162472
2206442356
2418739985
2903452017
2352525382
884217511
1193096534
176243331
2318061197
2574401164
2762103909
2865996787
323754835
1095924578
2902881345
1616412980
1222540177
2185126921
775477712
2895687647
895534248
2725842503
1215192500
159569148
636461278
815919170
876099000
787734222
92841569
400420035
502352568
2161022799
372538761
2413122278
1289753634
572043186
825096242
419451201
242221469
2621143443
528678428
2902173508
1019549671
1175585017
2892579814
396876973
1728117914
2514649869
2328810076
2786026241
812830249
927503306
2887040560
956396820
624970439
986599387
1114307532
2185754363
864701012
611230236
168549070
2318454437
2597704727
2886763427
919775214
1117356464
2860446529
611247052
894112386
2372616007
1059144403
455136656
2871245512
572489862
524431417
1316835253
2767674836
2494061359
2865671397
243758718
1666185186
1286013732
2852507927
708771026
1898880224
2900963614
1140190165
481150038
2183443744
2879443626
625839097
368419737
2306157436
853259443
1419260780
2900399896
2900828871
361160600
372996522
489220300
1582593866
2899442278
487834779
798932046
2865590949
541329633
1271022222
2853436337
547969973
1195461954
2363563796
593057606
2696006359
2625677002
1020945968
2887528936
435717315
789797173
565027884
2590149294
2899782831
1327510938
41573286
2858592458
981349748
588667496
434181344
2875624606
2894860288
2542565266
394862225
437429363
2899228781
1038407905
2899331721
521731001
412514828
1917648296
2459538282
518816316
1404285054
2898967066
2898936801
2898624028
1709694728
1833914964
558114759
2337198623
2781220153
2789019065
1899863792
2898033711
2883142733
2491569427
2872631903
2819989205
512270239
1095399542
2807177526
1278101041
2545833309
155534052
966012535
634909726
2894848769
2896065376
1588330488
2430278071
2160260433
838721462
2884279373
741359887
2894766963
2894921805
448192644
594793384
2237517636
2280124775
2374760236
619687307
2892708533
2818350400
590852803
253734873
504747850
53705283
2862039360
2846160968
1609265575
2887575928
1384679162
2253908849
2886095272
2370877988
567468845
2886071397
2829963807
2821037699
1392735240
2760743827
2780810398
2891184749
1629638670
2891218984
636865966
2719096564
2881930107
1468348812
394583068
379758927
2890456193
1687396394
984976968
2504088008
2886716242
2889303701
2889273844
2563898616
2889144395
2884804907
2882289128
2593178311
2872672894
2865734084
2237973693
2239474124
1601383980
2587642000
2885853046
2887813121
198042527
1121412062
573005375
2819967531
952581769
2886709221
477234066
1907895289
1428735350
2736075059
296878865
2541218900
497241227
1249639412
842288786
554146849
2715373994
1410399427
574467367
2866208320
930936379
2849401299
2884114005
2884044447
2882356923
448812235
562919897
2883829282
2881773963
1606975598
302734807
1595630900
1061122621
1250212567
411719779
940451455
1586297504
348613739
2868158865
711216823
1395137466
840368618
878039466
748062800
2881676805
331812797
326894329
402698277
1898133956
2782414419
282838294
527888127
43129108
2882703953
2875601319
2202080150
2220357956
1143592478
353597282
2880055875
2878287340
158704709
2385772013
520650479
1433752621
851541139
2867242853
2880218392
2877274905
109566221
2880056381
186041379
2868730011
2233647121
1956888690
743680212
568712343
736432663
2879532773
1034381640
2872208627
2879288379
2878490157
2821178826
2570966843
1332607488
1402710998
616615497
707803069
2875187229
478835796
2878142419
618928792
2873504807
1392540318
1151666078
2876734018
1568757642
1568181716
2868283072
1265499750
2877889467
1301251927
1330945200
1290860311
230456458
2877798088
1148149238
2265750635
2296240457
630708969
2876843835
1897306364
1395482209
1047896180
1364086398
253975831
112750169
422435839
2875985343
2292116649
594160985
1454302248
2868114632
2872561449
2822478886
782942910
2874069653
1283333568
2873786655
2807176770
221883176
446143864
908610085
2758621998
1185145627
931383660
449436654
2872758004
1894505456
286246693
2872551231
2780408284
2794501655
2751519687
440496446
617423161
59219608
1056680604
2870671253
1196854578
1414000562
2870437324
1060434374
2890136538
2804566565
2868817738
2194043104
584043655
2816960560
2869523494
2867383192
2869018461
761958770
625797358
1126884679
449380513
2665959828
2396657684
420605709
2862887584
2151334341
1245853699
2868086127
2855318782
2877273464
594869596
2256746630
2867588147
2867306519
2382673080
2867195193
2811010506
2244561382
117146026
1020115375
1832873786
2745408393
2869304900
904548504
354300965
2854506401
1132125948
2886048080
2315173657
267689204
422916998
1431157279
2273797869
2684785649
2845004986
1134943717
968325859
368101621
2210932756
2329226510
439481748
1029047821
560437269
873244261
1700048665
2439840416
2585299935
457835298
2864143138
302717661
893606611
2816745731
2863667709
1379392429
2866738693
2890196065
2796630392
2863556315
124220835
2726730311
706348829
207918267
350326194
637346623
2891295956
2831497558
2581729311
2855099260
266744802
312738451
1239617798
1112825533
2860941190
2863047742
2345698979
2863132702
2862922426
914180604
2772749932
2862761123
2821381672
71419092
2862673301
2862645059
2829852089
1349551530
567337408
1402027622
350580384
1084403064
2181216366
2890287906
339816031
2861545259
2851181170
2789021062
2303392524
2776962519
718807928
2855786074
1620128220
2355347707
1121987492
2859218170
630362815
446209560
2336200187
2857545165
2324341364
368492336
2207011294
2859967041
2740584070
2417931589
1897334023
303802666
2874268166
2341195282
53775989
2646198163
2842870361
2856617259
375791617
376807363
206629337
794611268
2537101664
2859342219
1459044192
1657449710
2355362258
502268232
1270604935
2251941552
501148392
570472993
1709934547
608521844
1035332096
1284178615
2871685236
2858577458
598739414
596306919
2851205297
766488006
2855929889
2856901229
491774803
2847447869
955522880
1697457385
2723617278
568531955
957624464
2856648154
547134995
2856498785
628118485
2855214070
829004784
475246146
2415727704
2855976766
1957590547
2850871648
600441639
2528116129
2855557719
2846587996
2745218590
1374162336
351696935
2822482915
2792732219
1403011651
2638354833
2762100501
2213213807
598631956
2848338383
2502004660
1052235847
427577481
1558972094
2854462378
1585468555
1095338118
1041918475
2761531516
2848877849
1655317262
2851997183
1875110575
974222988
2432929954
2503571788
1286449026
2852674827
2157100899
2804153665
2481301835
2361680573
1519900651
1415778584
2842805662
620983814
2851850811
448308502
2767808554
2850502977
1475190234
322833793
709782708
1656396876
2774340214
1622328488
188641863
2424921459
402334423
338323060
1638386172
414964771
2822415885
239090661
2810487405
1275181982
2611637453
2310404123
2767348751
2608487286
2850679251
2874123523
739488546
2844344877
2180520720
2849127418
541663752
2733104848
471312393
2430613873
2849716313
2882018694
397271782
2848965209
2746683417
2715604151
2751792622
1037855712
2848494143
1280628644
2806228756
2848473341
2377398902
2848435391
566167071
2593390036
2880620246
2847401765
480298964
957805232
1361615556
1091296837
2788122011
2832124318
445689012
826837393
2722813511
1331900059
2846980019
195895889
2711304535
2476906003
2846710167
2873051329
2845755814
1524769770
2878454460
1306934370
154708205
2795777696
2438400784
2846118359
2845975815
2870747004
2845037235
2768743541
2837613345
1697724662
2226304239
1105736810
2460340646
2729321698
2421997367
1522187785
318600167
2845224329
1069059925
1524153655
2227039541
2877778362
2844865095
520323975
1105965716
1092962274
2777332660
1915307190
2844473439
2877551251
363776947
2844404987
2316840399
2769111801
2844321568
2721476711
2875703425
1109734008
2770861638
118727646
532563903
1077194072
2870525354
2727243652
2388386164
1027265624
361317231
611661105
2467245671
2227117840
2476513733
2800806785
2875128768
504252924
2843531158
2870739152
2343832205
2843463412
2349462389
2305272195
1318246152
203132798
2773455718
370226756
566433115
2842934237
113708617
2825603103
2842841249
1260271598
1125891948
551653825
2347256368
595612675
2875566246
2212112321
1247381562
754071234
2169935974
273949143
316677275
2804466923
2780456314
2320200441
1490620532
1588399454
2801991376
1912168760
2841859306
2780472064
1175973907
598438915
2543672188
477109341
2874190039
2768789050
2586956870
2873298355
2425807929
2873982284
1157992086
2873857742
1320364027
1104496861
2841145067
2289613468
609972760
80367468
174321502
497172618
2873723180
2335047834
2873634217
2841146134
504795774
906540266
2873054502
1652782171
471049891
2865936446
2470056092
1947381055
2594745706
2557957833
2230066610
2665996440
2872461882
2871521384
586925310
918297668
2841594335
2840240333
555281309
398218768
1360019442
1444038253
2205537572
2638526327
1901020272
2841525526
1222828476
2325829353
2838545877
2866494440
954400567
1291448059
592999574
2869616888
496305164
1732993308
565042155
414246436
462784677
119487859
2871203060
479776754
2841191441
2282127354
2870850391
2271939925
287735787
1603468969
2759833496
935248615
509431715
2866151095
2696405249
2840256472
1676577630
2626774107
841391461
2819228998
2822266133
2151556992
2532444107
1098818683
402005219
2864995405
2840525259
2825284570
555467943
2840460759
2867066917
2412728716
448251496
1046243154
961424166
1275042120
547066526
1972539648
2865892566
2612644918
2434737507
1588955604
1009571276
2866434576
1133978065
1289697810
1140262040
372726366
1365292614
401251160
1086584396
714669772
1598587122
2829166462
2829188835
629849921
2839552067
462332768
557868560
2829415091
572967540
556902745
840360871
2839408324
2864493020
2160362451
923068687
490285943
1462599944
2785140772
1680594392
1705593955
2837924013
2838385486
2717383794
218133608
857636988
2838281578
2706564564
552648002
2609097712
477510721
2353444573
2258101489
2755372563
773075785
566672597
1117674062
560193932
2794447454
2453219034
2851765652
2865092564
2717862036
463287364
2368430045
1271859271
2462013281
2753838863
585941075
1110150691
1726823252
915498920
1668817009
2836340542
2702176239
993863755
2844551252
633060521
2736617104
956303642
506337161
2418334720
1879404822
1357335955
2685160767
2623916170
2659255538
562591824
399767856
516764360
217990547
371417502
1161191029
1029829364
2810744121
188494449
2179551148
2820482363
2735948074
212747360
2378693737
578098325
1261437642
616047236
750373820
2833503009
24224901
1457870300
984660644
930713690
979114794
1399895545
500847175
1710869605
1462376413
783197028
2831593277
2843994830
1289450736
438591852
2829332043
2294871865
2826131548
1578966516
1030609184
2345831907
2255583126
927902485
863650159
2718946235
593067732
2829735135
2829430325
2844539461
2829514383
1536853267
311760744
2333219257
430636264
2825905865
2827951313
1214917212
2824702821
428444577
22562376
758651629
1632247754
790678926
296180408
1301004152
619127176
615104862
2345701646
572915715
1596491503
2827525786
2427920349
2825643441
159299106
1713079110
2254989573
1270845121
2826142438
286939166
2825852536
570326951
2160743463
479080790
518000237
2824808325
2824991789
2824744870
493389335
2233951200
2501407575
1153865400
364247463
778123232
1121447954
2598602774
2823957520
1589709036
2823527241
151081013
2463624997
1411247436
782607829
288999147
2823047169
2262662476
1225620600
2721026968
2646185437
2535762053
508036648
2779483451
534685979
2850963890
2784652330
1367745757
2356611714
1142784186
928214730
1013111809
2821177383
2821185995
396056150
2157797134
761308446
2196886537
2809954347
1390319990
2174514126
1316920285
2816780993
2819743654
1472934012
345679523
2607068395
2768819344
2675221896
2819127719
543552949
1975993124
2785406643
339995696
336757032
739358420
181919205
2800658931
2474447817
584182919
2406154329
2149502527
2248344094
2807617912
2314665664
708976210
514608873
2815709711
2789114369
2811022420
2787827836
1608722258
2815168775
2815092531
329617089
2784032896
611004371
238488995
2286549095
603801323
2397469096
2771132095
2844034446
472104468
1145613511
2748014908
2788366373
108886104
2807033235
1041832428
617573596
2811680903
918521298
2811186309
2545338580
2767512764
2329461390
2809710809
258503742
703751128
2810521600
2810303111
1275737190
880323060
2777163687
2667845818
2361573031
2809257076
1128652092
2809147493
2805400335
2296179629
1099000370
845237077
99125769
2565603645
246296335
2808836163
81156955
2808689956
2804601189
577375267
591952973
2805638963
1467890641
829324957
702894702
2189288278
556954383
2715542975
2170772273
2751195597
1869198888
2807058453
2806953519
2787248711
2806409529
1253983922
491651471
841508647
49929701
95605224
1957069104
1640033372
2683277407
2683272774
441390464
2525261078
847848697
2800521499
2501094114
1366767068
2515887193
1276121503
1382587284
476995182
2333786452
2804538663
150329499
2783726530
232194452
2758998221
2794246594
156297093
2422007850
2795644425
2733412660
2753303817
2354210266
607540585
449048109
2802650687
1231772467
1710822042
2791549990
635533990
780837846
2798042289
2801970856
2209229620
1153999898
2801738837
604943911
127498783
464043582
2578004603
1376657539
2183562531
2771559765
2772176097
2641488287
2792989960
2793778796
321644273
2764545507
187877482
2783910124
2800654349
585931480
589100973
1583979438
2194280169
2800657336
1040588876
915581280
1273548277
616427121
431163776
620054691
1046629926
1690821642
2798960266
1972927938
2788692694
2830355904
1861588772
618809755
983161357
2592079735
537329653
2569064944
819998090
2177012711
508003066
2744630969
101627492
1498937616
1369742784
232954856
2714307640
2156390962
2207772684
2447553162
2781925133
1064070883
405888420
1938902023
207000069
915213834
1124479874
374681730
1327386528
2408832689
1539508519
2795512132
636059270
518591068
2786031087
2795041444
2794721075
2794223951
2787325312
2787270928
2262252442
415542455
141722082
1169432054
921285565
1418293309
271267571
1020793015
2787084777
763998312
2318354350
2762289770
1162671697
2792751903
1229805715
2789609141
2792376814
2785396131
2230219055
1033653211
244114412
2780316201
1911952742
2305424916
2790666309
1093288562
549136907
2778649739
1490544794
1039602577
2488879124
2788718121
2777826477
894247519
2831987778
2748259395
2809033314
2305765211
1013164752
1349361342
1602150085
1006518841
1890974570
2778161116
2786129337
1390749506
192355697
2691628127
636891236
365061689
974389514
1867532442
419196493
1367726838
2316019139
2778671937
906496886
2784604138
1544008746
2811528636
2736128811
2170819620
449087715
2824896673
826001887
604895821
1160988066
2774476341
2491155170
2517091156
2784165963
2292377981
1632873612
2778817179
1223832804
2764929370
1412520164
2468303258
354369727
597337969
2783135495
1166269254
2783688754
2814884443
2733789459
2800287108
2691132911
2256606015
2778714587
2817062179
308487721
2469770701
817145995
1178531683
392668733
1872170017
2219312981
2468130860
456960194
575600594
2377764546
928546951
2782710105
558620546
1135018058
2741768115
1494026538
921863533
2273749712
2770881029
1166586600
594646192
1228048590
449070016
1659929612
611082378
767211464
2706645414
1309790468
1377325328
318516961
2532091695
2828678264
1110390787
1867164439
2765919100
2504000620
1564401650
767128314
2282381864
344190348
607342543
2777107787
2455067254
751644800
2768285051
2782752758
1163114899
2792513551
2621531661
2609040270
2535343698
735498978
732801116
272337862
2765606865
2825758706
2778282161
386192663
514157506
969676038
1478426887
1421266135
725005596
628717136
497136753
2779283561
946086524
270913907
2779095892
1554425654
713177721
1137214608
2821857566
2657511050
2520637041
2808071624
1483305673
403899199
489070369
2732926521
1119466736
2777796771
1621244592
2777668769
1428217945
1094871350
596788509
2777302468
1402583269
2759403296
2769994659
2273904874
234505545
1114761386
1140413148
355457397
2774783260
2309092608
2818153777
2174249841
402243569
844258710
2817680449
2817322836
1241988426
810986840
2773952722
387056277
304329323
517729809
2771892293
1897753934
2263184586
2773467819
561398156
2644878791
2772341259
170126952
1111015614
1261776463
2764098658
113772705
364813913
2771674624
580074651
1305630522
550556165
1978222080
284115173
2768965743
2798011075
2763388012
589419842
1891562546
2207103648
2214586133
2577655865
128928456
2728424859
2688658503
2811864686
2595175330
480732749
2717867013
2362696302
972626893
479736616
2782439107
423741300
2770957919
634770459
2770809766
2767448577
519480377
1134737846
2770202723
2296410494
935140915
2578315630
455947764
2769961035
2173246203
2647831446
498246938
2769393869
884242393
306359104
2536878657
2807888538
2769057658
2422753241
1271644627
2628096568
2748435724
2448040807
390064147
739594375
994072219
2768148112
2730239355
2764267455
1725465960
2767890303
2803827488
2284079913
2804618442
2760742308
2522195292
2324633608
2343821444
2761638377
2632480495
2465653391
884814817
631149450
484335512
796988269
367208218
881280145
460106151
382047272
2604150081
2673879361
887662082
2765870134
2765794719
1128924487
2723391153
1342527942
158961336
2798467670
449379114
407680917
2765417980
2530474234
2740703033
294152433
2148796800
1467145429
2764877817
998199984
2721100385
1079960106
2774848945
1417592898
361787896
2209569684
2501323565
460070885
2764215916
2730256119
712648980
1252763666
2650653609
2559302080
763663728
1160983279
487751738
1236039571
257058437
418262997
611903398
2756063890
510761879
2596125871
1617822847
2680405610
1357662684
2794710650
2752096493
2387647722
2795820560
1440413514
2244495907
622160950
2795759184
1325219012
1647608382
988920829
1063201483
2547263985
2735583226
626868267
2763529313
776549131
568678039
2790533396
2397485231
2741641337
2383024599
785160614
2751107415
2792539212
2792634194
2734516782
1120246044
767277372
2762212317
2380046151
446947615
2242327813
1332537384
982432777
1123092212
1611596834
2681653804
382812465
245519995
1154005376
1322268840
2200054129
2719150102
581022364
1109916133
2289069245
1014919038
2520625011
506303010
2776319042
2608577217
1577910978
558143413
2525751126
1718911892
2759776131
1048273052
2714291115
2745598221
1385804180
712599035
2753083840
839604943
573513484
335517252
2386439610
980336509
904576050
2719236839
2784646285
361546514
2173220742
557787412
2449572261
2750160308
317135029
798110305
2752018083
2783077974
2694127639
2757259335
792201270
2778986996
1688044694
1720908247
2782535449
393639413
1210214816
2756978531
2781830136
1032702434
2781418483
2488969518
2756323067
2773930075
562222774
2755367819
957377935
1166125218
572693724
927408234
447387038
2742163276
2569276013
2269427926
500716046
734359933
2298407090
109529837
2778384427
265518919
551329080
2754295073
516860850
425044350
2509735421
295359082
2424255690
1568212843
616475459
2671757680
2753100335
2324616634
1571469828
627364307
2752503203
405113930
2775149676
932857898
1202457481
1366682090
2258069067
2487014557
1622439230
2773352676
2773384105
2752118759
442061357
985292774
2573733011
2754403951
2400152475
918900901
2762663472
2513607120
772555358
1641954163
1861306753
2513350506
2667359775
753751267
1610195186
1009254163
2766667921
2745684328
401407368
571863498
360848956
291570997
996779096
864984895
781121054
2687948474
2764168392
2751234598
2194240822
1534785864
2639059627
1025056344
1395842534
2766351872
825374941
938012095
1393075945
587596558
2706774841
1112380938
2758765507
1317153234
1168990897
1350243654
595816727
405630939
792700512
2515457079
370168740
2743531995
1351449524
245115655
1528364946
411516585
2762251964
2177747099
974972654
2726672557
1543378722
352704278
2618317756
493525372
2764669622
824041909
2764669903
280239364
1146191232
1620039133
2763560371
2502643246
479692674
2763678619
2738259769
560663927
2762645023
2657527659
435970138
933970784
920890724
378743333
2750280617
2159785524
1683700772
2420917657
1384243998
2456987162
2186533491
2311969586
2157232590
2673857198
1443474757
2211324038
2342500009
2759042100
1350278822
1420672934
1470842617
2172537756
2750073761
1479955302
2417880968
2748833628
2567396745
929395034
2738353565
632494388
555648525
2756692903
2742013485
1344408326
2347331769
2756136956
1052925092
335568218
1873277119
2755225280
941277018
2613449008
1367826781
966527294
2206389626
2365547484
2601420104
451539073
1645680361
2706763611
898074205
2217446344
2265209059
968234166
2229204070
230246092
1222894962
433543634
2365830957
2732386978
2748902111
2448025567
558890823
962446082
398994001
2682912832
2734764494
2729982500
2748821315
2683075438
2746700960
1342467378
2308910041
2149932040
1442388180
457039855
359335297
1975687370
2742645646
92615028
1637561268
2749037016
2436290762
1040209364
2708811327
1442250644
2731209730
2746756425
464569585
2494635984
2748418340
400209992
1419043760
2747588090
414076560
1449877508
324132316
364509935
2746664293
2726271610
974634822
504883852
2746093082
556889204
2745889514
1140517807
1414065943
523230237
1730035567
2744066661
2179737081
773911213
501017068
2318431384
2544995327
518639105
2273683277
2746641243
357057238
544710339
2463361676
2461235580
1153517791
1618813530
2743320426
1568648892
2746488987
2350284653
1568885096
2719219355
1043079648
572437160
2703649382
2218650920
885375588
328502251
2735749826
1547702460
713348825
2733684249
2744390967
2169158167
1109875472
2717931104
2598057545
2173882903
2558954722
317757251
462728663
1228088330
2274499963
1636868605
1620601783
610243480
2738931906
2683211001
2606889052
478890121
444591813
1413195925
512570140
2210859236
2738210977
2548508606
2738008664
559431462
1869723342
2698230919
1415490672
1547231167
2613334110
1230781056
2735006994
2725238398
2470289639
498968005
1434002509
807687384
552596411
2380766174
2153108849
1206088548
2442156953
487046783
2276564174
362978799
2743951097
565830595
1668976626
2735378144
1342005487
2422872851
2743606683
2626465948
172831542
2741916119
1244787012
627588199
1066092450
455765330
1948815846
1974379842
2743103867
958940702
921736514
2743003151
2740504017
2346830151
2724072646
2539642840
2686613963
1483286917
356984534
878834834
1183874797
2740115331
813769345
2587904327
2703886455
1322792870
400181977
1513953432
2367493236
2505613855
1705345483
2739374369
174814651
581291302
776313769
2604416619
2728563268
471366031
2734121723
575468390
2731494105
2714148921
1455241970
2317670464
573697415
1936419008
103468900
1934466931
2742637636
2263287754
291878393
929858592
2489537053
319840279
1169786336
1113806678
166945215
1705230524
1307206844
1357185259
2231823236
1886069648
331122965
1099280323
2741711218
632103582
1067891082
1975893463
418042289
557604673
1065613506
1087626158
2174555553
1344045966
1108951399
557624487
2262034319
94099093
1283741364
921988975
2275289553
2741685711
448988292
2423884188
1229454042
2728021368
2284610261
2727611017
2727346249
1864421155
708093940
2721686680
1671327704
731943362
492458272
564993335
1117559737
1949617165
2310709762
93731892
2310176631
629608625
956160673
2587049468
2273676091
561312343
570188838
2730568637
598604634
228144563
759945056
383677717
1864659229
2725019786
921313063
1415684371
184548127
1267748383
1066548278
617575443
2249252748
2724705236
2358546436
2186593041
2360186292
359883669
573884282
614871753
2151405835
2196322724
854797788
2248950537
2509782024
2740094943
239910091
1112707903
538373006
2722766970
1222269186
461339989
628793319
2540376169
596136208
2729211155
279000917
1863386749
939855433
438774240
262379778
948366277
793701588
2739972395
1699651320
352312902
2192886547
1701919914
2276925946
1095099943
1691093004
2288502593
2739488157
635738432
1448825618
926648041
1641417680
1046057983
2499159448
439243532
153384521
560274304
2719881158
2721777211
335998468
2632799033
1499627155
2726787346
387292411
2559063015
2307099075
1389166513
494218174
2735070099
2738050630
1252767151
2677003605
375900277
998902855
536492860
877145090
2275244377
2666186918
1076069954
214926002
2737276979
753794588
2519417365
1389047347
1447069302
1833040963
1074000265
2510109305
319858987
617805432
1583928127
313913218
2345052884
2519158949
2715880030
891700784
2736261629
454381433
1496384749
2595582545
2650220717
2610540354
2209520131
2734342103
2712121075
2464926548
507638800
557820982
2688173076
2303198175
385372493
478936186
2735060080
863812374
1067166656
2734503393
2532912387
95199332
2431494030
2253908671
226293515
1643433265
1333446402
978748465
2230624299
2230128492
2244999820
426820544
2705041231
2277591250
1244929008
1455912936
1316541086
1610564287
2733509656
1488581048
1279990020
244875874
266126600
2559173997
1882191313
403704066
2545738137
1373196931
361655057
494527646
2722012090
770099672
2415667256
1374228644
560376446
2696499601
768213360
2702010182
2732287071
2271063620
106094074
1551787951
611924978
2178486511
2336461608
2155380575
2731751860
1149118500
2699298205
585268560
1612709593
1389711752
726997075
2656720905
470076419
2730684142
2249884493
2695072062
2729866509
2730241263
2679691072
818229536
2696340308
2730053195
2727123839
2215619709
524396495
2337946787
2537819733
1269982302
2693272746
558903254
2517024067
2692710204
2390870406
802827224
2707182898
1307545812
2691173137
50286980
2648334863
2539939265
2728316703
2727406481
2244416232
2593126849
596005494
2460105259
2574319685
2687847198
1729385137
2446342165
474255570
813138216
2721096447
2650763077
2288775689
2160920347
2247711660
2726796279
987196550
1678477626
1303148209
1679053657
2685154405
582514084
2256171797
2726103827
489666046
2725758988
567078354
2683447664
2722255445
2725510397
2683062265
717025418
2671387380
2367117728
2719278719
2682315270
2568909747
594464625
2682166688
2681994030
2715066171
2724298732
2288044074
2679743576
749572136
580622824
573887133
2724035908
1898216148
1857544363
207632537
56058105
2723774013
1514185777
2521532650
2171200316
16607099
2723580539
1222497770
2723307555
2703712671
1474311727
1109764615
2537726500
2722993780
381144408
2721823077
1656460700
2180324859
361531904
2382777368
2271611108
192733667
837222488
982908691
1112295709
1465256930
352255808
822697550
1116418177
2513298482
2429134573
335817966
2540958435
611568070
2721136785
1313851784
2529598905
1647310099
2319623927
250225973
2720206775
2719701771
1557898616
584757590
2180521334
2688257895
1599369139
2585505814
2342249786
1278582176
2270936401
2720164216
2720088171
443138708
1347002911
402797313
2666899446
738364561
323699448
2719197975
2186639787
1103835722
592806478
2176957346
941538878
1973111624
2244476658
2276522114
2719310380
1395176820
2228475781
2719021479
2717239553
1753079688
2663422819
1444160755
2674565452
2718829552
1360043232
137355950
2660838900
2501254272
1100927437
204418589
247304616
2501803986
2270958002
2662415804
2718406402
2591185396
753491316
615544051
1289344460
2217361815
2717871429
2638545668
536098292
2717555470
2245380400
946497757
2717225907
2717210385
2159206500
2657857604
1687046317
2592165009
2715699189
888659341
2505097230
1406111263
2344678062
2716374867
2501454460
787060567
1382751277
2655023102
1429095073
2644638892
2716105810
2165196347
2654786299
2715874288
286354001
247841486
2715773237
2715805696
2248715313
1014961752
1087153723
2653657820
796770168
1365153937
459078172
1282198633
765459332
584918679
2650570561
1651017372
2502345434
2153484930
1598984424
2425692297
2714148053
2714111463
2714047168
2358601898
925761294
1405922604
2147716328
2713136825
2648770219
586745223
2426775071
2528740365
2305380293
2640609392
1410829752
1651521386
830669330
2712594849
379485602
397600542
2423212901
1928266278
2711991869
396811525
1048220755
2711724994
1364052686
2422822905
560492897
160360718
2710139129
2415693303
1639171916
916986872
765918716
1360353661
2259952595
1044690692
1265306624
2284473118
2614131858
556146886
2260256236
533583936
1551741594
2672768368
2453246765
562365399
2438363469
1513746884
2686395353
1354700929
2255034570
252196622
561369618
2604808240
2455022696
827568463
2389641516
1375774932
801411072
1573152944
610951128
2409147672
483785470
1114479223
2230322796
2380380915
803174317
2645247606
370313857
2507062786
2669522961
492498806
2626289823
1349376150
2708254769
383369973
2639331932
2575278965
2350614694
1413347846
629213017
2390408157
2632888794
2705010442
1872945434
2485652966
2704654582
493093553
2703478601
630207362
2702649347
993116726
2661289955
2701312623
2700849772
2698961272
244629304
2632540054
2688097948
2617077014
1655509020
2696492788
462103378
1549057746
976718706
2694820331
2692052225
2512732036
2515221703
2613527834
977826192
2693142287
2692762815
2689283193
1581341726
1263202836
914699227
1319407968
398292887
600037444
2277746539
605572359
765372878
2581242965
568517502
618890125
915594228
2225874203
2688681887
1111252357
236630871
829844474
101745097
987356996
2624918315
2581033157
2688352785
2688083212
2548694328
2168358752
1541327431
874000260
1956397640
711338923
2643351670
823863948
882786290
1416457802
2684949189
498753081
1112665134
2366451814
2623305773
2245590875
1461899954
2606372437
2608052226
2339708375
1052215962
1083005462
1565824244
2519311096
2194785005
139902760
2537604856
1973062692
2608216086
2678475131
703656272
2607562970
2187851811
2535360225
2241794476
2149877909
1058533724
1382378318
357139890
1038158334
2575121095
1305240720
1056352261
2671174432
558784496
2213531579
1435363920
355424316
1416887042
1895652168
605635773
131807828
2227440100
2307344967
2176643451
16557370
2672281875
2651611131
792283338
2603521638
919969327
1393164894
2671120288
2453414344
1069101097
184947499
590654425
767306065
342733750
2534930652
997449728
2638646817
82157216
1571462436
1365169800
2461216038
2148794632
585078207
516843652
440898037
2267235414
2428690966
2487921187
1637961643
829640234
2600489652
2661590836
563302411
1654404264
2642091670
2661318705
2653293808
2599762622
2663962829
1122767828
1011267589
476185454
2559919302
454348013
2455187364
569487291
2595408301
1513609416
2560029380
611082010
2660306578
817771004
2590107649
1561719793
1163009023
1202237996
1398018757
866863476
819408122
1056788148
117093441
2182897530
2656819617
2596543220
874198112
637056771
451431326
405673821
2406834331
1420062025
2497575585
2511351039
471392189
1037119176
2349439858
1109763403
568201802
2538154503
2560677819
1438115846
440131138
405562316
2615951225
2651990037
2651075201
2650938333
2467786288
547977990
1978691108
2490599889
856952341
2542361328
300904350
2648098443
1230343806
2643941434
1055429192
2591621774
449206820
2207839903
2590497630
2310327152
2395329287
2646403263
2646215776
385386948
2408693897
2643453363
1098693180
2644829794
2456920528
538054024
1642630872
258841703
2274838650
760810488
2563152552
550483288
389931256
2502159556
2641891101
2629545207
2404019470
594922837
394951942
1897516524
1514813918
758144197
1610516461
405769038
360656857
2158976345
207730164
2586532345
633163124
2566993886
721326329
2397901624
2635483095
2627088329
2584404403
2537654963
2633907843
2582884057
2287908579
1060988996
2490342536
2620555469
2629916536
2432645845
2629118307
470573402
2255435641
2626940303
2411721062
1561255662
1463101560
113675946
496132138
2539860832
2588965091
2620200075
2380927494
2620072047
2618146973
1260409344
319352546
2571633073
1720023637
1552769780
769642105
2569417802
493192759
139682592
2601990664
607272452
540845786
524043304
2601973324
434128819
2601362463
2392046000
2558972450
2510324150
1110141528
2596279240
2540937677
1320868482
2269583041
2504640561
2555123208
1272961082
2356349995
705339508
533469003
579038871
702836036
2389912422
920266819
957590814
460101234
1071197436
2553207248
2553112118
1301140615
1084169000
1431334986
1754464916
2251131130
633672458
832044444
636860537
2572107215
498061397
1510572133
596539628
608995556
2549891714
715887755
2535782893
1638178734
920030366
796784634
2365920857
2583168497
2326771139
2575499937
2570408890
363919079
2500965752
2336630567
2580955893
970614492
292977868
1932496850
2542445874
1242327762
2578216019
478831751
464154295
2371719777
1037457169
2540639084
2576295081
1012136286
2334481157
575292184
617845309
316501540
2574557655
1601853846
2380176478
420553159
261143444
2302486485
2563097159
203682738
2177190704
1864426586
2572133140
1344524059
2314498343
1876837112
386774846
2453003573
75979802
2263622107
1201994388
2535788054
968029111
434040178
2350206254
482063746
110170868
2289203306
1920414558
2532110258
18181091
1281527527
348549014
2444171529
2494319143
2457859687
2567835771
716468342
2567520934
2565808677
2318819613
2343447401
877775461
2525266086
1162985966
2524453230
786659996
922781666
124774266
1659545226
2340470413
522162024
2520629718
2150613612
2258222149
2520737354
1721265554
2180599665
547147318
390765825
2504957550
602126528
244690949
2498972156
2220040089
2507885420
1075303357
306669315
1269536652
2515196444
842257824
840435475
2525638881
2344205688
548630595
794850313
1190479231
2519949796
2320484381
2484364350
2502495805
433697602
2169188864
550470459
455889796
2471535331
741340063
2498119263
780777890
2467479710
1352745613
222967992
1668101431
2313050398
2494640298
998996761
591417773
1357026812
2511944736
753327216
1924354573
772068536
1672448880
2499724556
1090006380
787416175
2281089513
444810981
238413889
176139184
124610413
1568966102
2262780132
395210607
614253914
521420873
2537321709
569213978
1314926510
2332780917
437531110
972429128
2229383834
2494838262
383294550
1334924670
354522079
709531409
750338354
329166485
619153712
493091130
823604244
1085668130
1707907759
2500957950
2193566667
564841870
2193841647
446676515
479603969
2512528960
2252929515
2176061241
2158969540
1147594356
2499069404
2496623191
2501394469
2244766235
2497040119
2499788196
2494721382
1176937068
2464041315
2193157248
1120423621
2174376373
520755002
1039386846
2525340173
1551281138
2479617716
2494463575
877580804
2178784317
328422006
1349947598
848002886
794418006
2541540647
2457284836
2197897198
1321129280
962490146
1722653762
431009404
821894083
1967533392
297103808
747900997
2288656257
1106368093
716919693
422904217
2517080554
2535958821
1242271008
739100544
926159935
1522578296
1278313646
2319460970
1862077196
791219244
314011772
797031204
1916593140
369209336
2351968458
1858920654
1368637639
943884823
1420555356
767286926
901983871
543714838
1056748789
2186276111
1053467342
250488831
923840521
882689118
2448149817
569932503
434240669
138059444
299619417
2377840142
1145825629
2543577262
2543073365
633670187
2400304850
366303470
1973310168
1954428680
2210595264
1689155839
1081125624
791537190
241272333
2490108312
935260460
930266378
2176200070
495404064
2539780101
559736530
1880155416
1410249763
291852275
1399576142
856827836
2343788043
2480382175
2532081490
2537698733
2410821095
554296759
112982494
1117959132
127402928
1913802642
342046962
1329739063
1390179660
865196832
1128702378
622572949
1270581528
2483752346
2534409927
430151732
2523258431
754847892
708102381
851952835
2341091660
2527716219
471809070
97247830
2482061527
2165576802
2257045198
538453412
628299344
2480035849
578339533
2284059224
2532714339
1410728862
939057463
1627948770
156785557
1635665749
1603783116
2477743543
2473695228
2356923929
859965630
2266175166
2531654626
437690907
2478115717
2530936719
821696558
230423550
455120027
576181950
506602965
1611736152
1414982586
858759391
840387055
329029532
2218509466
622699493
2477131994
1059092167
923899124
1423228122
2511330917
876465966
1154985121
2526491422
1063728632
2516940551
325591573
636275383
263162586
1563288583
2474549432
257431340
363938752
1201734408
2242272081
564820018
1693979754
2522947095
1146079940
925954459
1128254209
1414026824
2521505068
458634078
125904287
1128406435
498768551
2470676540
2516421273
2470705884
2496510981
2290170200
2465012760
560731018
632950855
1039558471
1952209850
1691383416
631595851
1395133422
2230642450
2467581414
2323928123
2476310860
2500492863
2466590822
2351359865
2511274469
2511282417
2354873573
703721406
544439500
2199691147
440925332
2345266396
923940805
796429057
2240143138
2462007090
873975972
2282143156
2463086827
2182775054
857187866
2462364217
117511655
1679336234
1112730066
1249962890
1106742174
884243377
121496070
2267601007
187191563
2379914905
2459655758
2239908913
620271858
2442774285
826936039
2460297037
603172881
2454247678
607503496
471671148
906452180
716878530
2458816556
2192729544
799098091
174439596
2500318342
2312154558
58420683
1594226545
1419235248
489724569
2501463287
1550327491
2450274559
800426492
348719258
2456441791
2499284283
2499206488
623845343
785213245
2405384440
155177455
2498007809
2440604355
153185302
2497260130
1112291677
2495269037
637000185
2492470463
1414113367
1687802407
1159704464
1055296855
2437450915
893817672
485531963
1452577482
2365883691
2494724891
2186885293
1134861127
304414510
502857276
1971789452
2451736700
520721803
835512307
1120288952
2448081782
1040660311
1327543196
1276244850
780234829
605950186
1097589577
602268090
2449331276
346012464
854799692
2447697480
499816055
922114604
1292048910
2411195619
1910938514
1470429266
820607383
336795098
303436297
1409836814
2336131737
759324504
1480965260
1729920420
771977137
2450444961
501070130
2310676275
587309650
1228737378
429322670
592503832
777965802
523591551
364859567
2240288771
2353764536
802526874
831830270
2201517959
1291497888
1392555294
1367690498
2482846587
480313306
2396236860
744714324
618160625
505735430
1474579945
405624038
571053802
1586726310
712529418
2365490244
2435275944
1391848657
970058239
1260365202
1563707900
233346654
2440766935
2440723981
1170283772
2195708967
2166676671
2454234093
2479530959
911014892
488861516
1697980644
1235275644
2295755734
1503783906
1357994803
33162038
759779089
1286825516
1468234441
558044584
1347385386
629636101
2244456781
2218299151
603450025
289733996
2429242424
398077863
526891444
854761284
178825451
2362831755
126556568
598577326
2208025582
2360915442
938809171
2428663974
791438820
1976567652
1705838036
770576210
487483909
415093785
843116456
2432336869
541479460
780538406
2436207130
2465262347
1277698274
2447975074
1035180991
2426509508
1729749246
607171142
1926198829
37700958
2397159425
2438177685
804560419
296396307
2461885895
1935010730
635036049
145415136
622406070
1528903722
347917560
1523413465
502077086
2460244085
215697862
27370490
964004556
1529166794
2457652173
2207742903
858197184
37836873
313291874
1042442208
35323463
2295481319
521450043
480841566
2174215880
2452854791
1104768000
413338830
252808318
486050214
1091922728
2312711465
516653553
591193656
2420581986
2449251449
2200155765
167735299
319296169
2392172547
2445354237
2213798512
2415130223
1634403091
2445060423
1455225680
2214589370
453976521
2345741369
2259288398
738617892
2212512514
1101704281
923837912
636999783
289679657
472874073
995894126
986453497
391993672
1008818257
628726643
605922246
1879938138
1285813092
2438699062
2437664955
1235456437
748858621
2331695448
334759248
18878981
112177433
2407853707
2274859635
621111246
1120645928
1884779089
820952191
60046191
2430675375
475657644
444912743
502028026
2429462038
2210483556
1651575217
1068764732
2403243398
1281196256
2426857126
2426799935
1554162924
2200993563
703192763
386765427
1922399016
587375878
374766788
611997227
2418270562
344023821
2371407657
2425442511
2263761658
630508660
783511615
439108643
2192776864
2383661937
160176951
2425001303
545616306
2358182070
169466028
218705577
272793792
404841266
269771979
829849045
2423509312
489852350
85182664
985215115
1943633947
558043845
1257156601
1111976467
2225886483
46350884
2421517168
355255389
1228733893
2396869453
405064896
2206976174
2275165155
1905233286
2353202670
2419937968
287166477
809729113
2386201693
853030836
2180801395
2203930130
2337276137
2296460162
947483672
970658281
2342645193
2196321604
803055420
720046464
2203022742
2387152908
616205649
2343921914
1332080617
1384430179
1570267088
2222744378
2149423468
277949386
2258682057
2274811605
1119588439
427278602
2397043073
2347237334
84267798
509338697
2199892709
486493292
126541245
479781433
2350730110
2368492745
2227025407
354790259
2259172833
922949142
296470682
496092988
105818062
404474053
2356311421
764757613
2334013120
2390678632
115511828
604955457
342400841
1866845912
600331241
1419049850
2257047585
2389351187
1008607460
739269096
403799517
1295200028
833835540
2364071076
1405282836
1132217010
2372201942
2192704326
2268649427
617225200
992497010
2279790504
578633883
252997770
995823108
2367487151
1975271832
1493200303
393583832
2356704258
594808523
2367062696
575665113
621034977
1144957664
2368957684
2274161474
2254801255
2358387500
123199204
2362588822
1449856819
1669202611
893226092
2209489254
305170938
2346534005
2295917908
952627094
430326244
1889869135
1033464260
2360021748
358435992
461881415
2356717691
471661127
2355419215
1638708169
1616380669
578328030
531577888
452027664
524575781
521838427
1084443582
500122161
617541737
2359662463
2359447454
499837353
1240188223
287694916
2278952161
2360525141
762612372
2185124216
488678815
2182605588
2175512897
1179269358
2344711918
2345769173
1262375466
312859324
1675842236
1414888225
612460658
2349700288
1528161812
2347320554
2352170162
2343257923
414316916
2289760937
506312706
1431538758
729134107
2228805100
1900926794
2184717602
785083490
456077276
1275164234
507215278
213017069
2347605253
1126135076
542656021
2180003415
128924800
2345030406
2344774274
516723208
2344155312
743970307
2333955078
1260092966
2318685139
1201755272
2189074110
2330136610
2340113415
2183022607
2338576781
2289695124
67140916
753791437
2329041947
2247845990
504260522
277766610
444081843
2334663689
2219574604
2169782553
1645837458
576506695
2333311652
560661058
1726010930
606714611
2324905257
2313937608
620117165
2320437419
1155543511
2169634091
2225825087
1962057248
473718450
1114837801
772087242
2278550771
1876033956
820390118
569073919
390330094
2320865144
483837185
716414033
353704976
637182736
174041499
1456566830
335482475
1462089007
2319488060
2295565925
514616189
1534777176
886905326
1652295906
303347565
276390345
288329171
572684908
1241403086
132130423
444598891
258960722
253686637
334577660
1898831479
830582420
1112063106
1074170635
2305771144
2304005307
2287889085
2311985012
2305360613
2254104696
1262990431
2304221854
618196789
2309888424
438521031
2174201901
1904357360
335418828
566424012
735115123
2308673708
2308523485
1673908272
2300695293
774528703
818260232
415378124
536641837
1470316333
1721638561
1680680028
2304599370
2199597347
1257724620
735058980
57400482
1107500629
1520668554
380377152
1447508346
2241660856
2255957410
585215809
1278420834
1379161238
718148926
2258057719
708217162
2239646761
1618028696
1164836958
1278709832
2293368061
1581651024
2288666096
2277513147
1053421884
1031673696
2290118245
2294980484
1066563116
823104446
1449358123
2283209387
978739033
2277659680
1009798086
613521941
2291591617
114478621
1265119963
372085034
440747402
2272351594
457574672
2259204275
304035776
1668129684
1352722692
366022706
2249755067
2278102990
287154776
578957735
2275638495
622279337
1005154027
2266200731
570222112
295115759
2260970706
2272087774
2198571816
2149585692
2189502160
2267354629
1364863548
2273680920
1451368260
957994585
316626191
1167080652
2271682669
347440145
2277888709
400157520
404138357
1856443674
985568712
2276483108
832030490
1000109954
718733924
233187064
26733001
2273707128
404558058
448154458
1978064648
510458667
709675054
1198107678
2255554793
2271306666
538681767
2193139131
1976132701
2254472805
268837227
1425753462
336691641
2252547514
2267546022
430261611
1951713247
218959007
2216671128
538117805
1265598176
2266360278
1692227922
1599273222
2177848650
1405142792
1375378675
1525653852
2245676063
260853402
571205996
125118213
203878490
2260533056
2262061909
2209377863
1000874432
1662284162
312032573
1553554502
2243196981
983407165
1848927084
2179926455
468244065
361810064
2223617213
102951273
1375089450
876618697
249566822
997193460
626814230
1015517186
2173944802
132634404
442127997
195898604
1246694143
1441928012
101309472
2258811386
508671396
943921488
308030101
2191176807
2228576463
576467271
481452024
519235222
2237555159
354913032
181180824
2211990034
598441586
427001838
1033729075
2235520803
526046532
511722350
311167798
234932099
1367738534
2230019830
1193878622
579455175
363279222
2185268720
2229664467
443567221
631965843
398937306
485215168
1740318710
501623816
1666093544
48649657
739280857
430286821
1491166616
930589212
482568056
280993179
2241442736
1452448225
363893815
1204315909
249052147
1392330781
1893082441
1911960176
1469383284
1582686535
490565323
253438584
2247778202
2246036683
2227097938
2237939796
709625758
521288887
2225812667
2225946111
565378747
2245894500
2245080943
625929994
1585757612
2243002512
524388621
955346286
446537995
1937735022
2240559548
458358326
577472952
447125006
421429951
867613298
303460047
2192556557
144117654
2225458333
1690795562
1610191664
1040932146
703920292
1021630772
2199788763
926254357
365185608
1173035906
1566452216
559660377
168814489
397965972
2182312481
215622763
627265043
2208039637
1909193197
2184946570
2155014641
774068294
459754352
589811787
123839998
267105183
605809622
1344949194
619542433
615674003
1031311398
2199810240
432558464
942453822
2181840329
560698737
2179983755
600007617
2177570165
2177542840
896291316
1111334238
634194735
2165013539
2176079223
480882241
111646591
473120482
425320033
1377380408
1101820386
86777683
999862256
399951340
399304828
1532548854
389092964
259850970
273009779
154982569
299840992
547162986
1943318797
413827869
288721700
1101849348
359620734
451178421
2168751887
1520556966
2163933805
718068544
233185194
236425302
415847310
442251487
2156401953
1676721409
748305822
296471433
311062367
1891659672
983565025
1103973080
461383913
1082977897
326264930
2160235353
1375179552
1385469984
313537047
500718992
1428229358
568595394
1173122107
2159585966
976880228
1552343155
1520408300
578414174
118224758
1146963674
2147630121
1733299153
1964635795
719299385
989975628
845030707
2152900833
2151204017
215400712
596258543
1869078966
1334911784
214497403
1678319804
1132395228
1225223694
1050169142
610027854
520681289
1066159658
558440517
211962287
531125001
1972320841
259307891
289994256
1972842260
103816144
1040907644
415055793
605656308
1042852730
905574294
507373880
709598512
387119931
234972104
331259665
872699707
712663592
107871530
1599207438
1275433842
278963437
92206641
1963232712
715340002
718246318
311729628
119819644
716645877
743994578
1662619434
546780938
1962494395
51559382
1176278948
522087978
1086753667
1351798075
276893685
1938767862
542505295
1946922624
1946814728
1944853849
473859821
1731952951
1670213190
1026585332
1717070796
754467589
69679639
862212314
191598556
700117689
1459794379
1451405478
1315037306
1485344221
1416038036
542095617
1891333064
571852430
1462233961
1471726513
288908285
98382165
1048055587
442238735
451012368
1516260871
1822326902
1513591872
1850793750
1035890304
1050898950
937407990
1571399352
1265093521
980059320
437463290
469551055
1033390532
430084275
1145638652
1293194048
1239116814
1706126887
1348597212
1701508873
1627381404
1699498838
1127810420
1316073344
1663579123
1114777484
1018965163
1377598604
1671380294
592076658
1390492986
238693308
917192143
529503428
604181356
1497748908
1671620846
755207353
733605535
612568495
430816474
1585447088
1663578031
1608774114
910026325
1114678038
1355216394
1110183714
932734068
366543860
520197642
1117800390
783142855
905698628
1631715944
1346826786
1585594225
623063173
493391730
1310365910
1381937773
581383198
1609369608
1604841907
822025609
1600930740
742545085
1324624658
1397741520
1598442122
1589614758
730746884
1528741285
1382867335
1467532142
1143591577
1188829524
1264879039
1571865902
1570515086
577148886
633954700
1170282985
100605884
29433980
276912449
93746728
1117801628
1543776906
227479002
1543878966
241068410
1522288957
305755429
1157192617
1517361385
1513126814
1344344935
441187286
249284092
1494009812
1464153512
574367094
1126028000
1482972853
99168194
1472336208
1458658993
1470165020
1400299568
1426339062
842446046
1460674820
57647456
761342130
1454248866
880751300
1446944442
809872057
1443400285
91844551
563855408
1439835140
565933071
1425343304
292877940
366793995
404160693
592602070
1323392718
115034306
225634600
90887853
77089557
575371973
1112823235
101806276
1310501082
440462906
1226235168
482820690
1329422538
340179260
1283854052
564973431
558154455
1405799839
403541289
27842126
280476270
1403269506
1399321825
115627334
728696642
818217120
1122787482
1063516742
1067958253
370965062
1167418165
1342335596
291866114
925829156
1355322967
1354575152
1368121640
634967607
1365289111
1357564574
1247100877
1357384754
1357798692
729235124
362970205
411771700
635568098
1260557587
1303717166
739738292
1261038440
232040458
58547903
1272627852
1334540760
424645272
355745433
1107634435
356435861
1332853597
1332598922
358796163
912832987
568870723
1319092290
1289670498
1284613382
1128694292
552682430
1254143006
443025154
1209992353
388299900
1035900384
1191036049
569407733
1115345202
458252633
1146822024
1150235617
1026419106
1131747084
1115757470
1108950235
461073779
549380427
235669674
743873467
978392258
549613915
342342194
967882874
123068116
938140783
932886841
919746722
390444961
277277273
807815858
562816291
411763642
493934978
371720477
505247826
424972554
153411973
275213679
496844161
442305160
227129243
475136353
469122519
