2998232589
1266292621
2741740040
2664109478
525427719
145258625
2826839707
459396986
3035579464
3034671598
2763400581
2965550836
1552769780
771212491
2802222799
1520456233
238775197
794347938
2974391099
1400800928
2950164101
2883847155
2526963866
2824921749
1417774753
3023903123
2557739563
317407102
431691688
1463211714
1352283847
1367708552
3012870904
3014010311
866768227
2986968532
2513047707
3008024813
2996083197
2897603381
1599535902
3004220871
2999914946
2580968285
2448637729
1479380462
2999845137
2998785513
2998523500
2995997871
2995683760
2994360393
491390819
2993526737
1751978232
820149037
518939947
2980103685
2984738763
2984578930
2628342961
1613816894
173431045
2979117879
2566023815
521304042
2986744113
2485883669
2560029380
2889847378
1242105829
2984652449
1901314404
1024142024
479874584
2538814841
2937767583
2982457696
2982258759
2890444210
2941305754
2981026991
2960605809
2977804863
2959036101
2978792871
1091202984
2978761269
2978533389
2977950459
480502129
2903164030
2647447574
2822900808
2975914060
2970853312
2975558555
2803794157
570947532
2867462330
1354940792
2729353885
614432377
2921540535
261805913
2973266033
2450311128
1738285351
2956806249
2969612218
443805449
2966951163
2962603493
2866114473
2955579633
2959924078
2959986983
566500415
2958668662
2269954424
811588938
2953884713
731385727
2946228149
1355016168
622000169
2941046343
1901484727
1308583436
194160170
2937763600
2937139205
2933394993
2936706725
287379215
2745220582
2920333270
1223230464
2893508759
2923871175
2874671713
2923289787
96676938
2164526028
2909929277
1460051196
121288565
364361888
2766117665
1971705528
2924536657
1318122410
978606811
2334760509
394745248
2906203283
459832259
440266745
2565645014
2858866684
2900423290
455591282
2853436337
2410957570
160360718
2506792971
2850668859
250297175
2543577262
2876606488
2846224713
572835859
2881450186
2289054315
2883014596
2882874527
1457678096
2882811316
880608960
2718853631
2864362569
2876559533
2863047742
1131660188
2866514470
2876704907
970658281
328934472
2874108329
2822478886
2872728569
2570610135
2865391113
164045321
2852474525
2862935885
2870323581
2869390731
2202022333
2869086483
763342022
2867699914
2865993679
2861218421
2864049107
634805673
1627539697
2857571320
294731582
480614877
365767816
2501189288
1577109806
2848874135
2767512764
1283776417
2186677109
752348185
2838710271
2789809997
2228740950
542799040
2799131675
397493530
2843665492
2154888161
2842533321
1259594672
8186352
2841382030
2871346153
2869983865
2656271366
2869460438
2839557633
2840165578
331674477
2858712998
267427612
2865743600
2836367105
2862369552
2249324600
2835031175
2752073776
2834634659
362029482
2830059748
2595293272
740353442
1265793121
536289771
479659391
2784235769
2824715529
217610751
498936606
2820462699
574655076
2819985797
2818985145
151176810
2485705214
1262288768
2803454601
1661698130
2810342614
2810025472
469635711
2809237635
2184438224
2582409079
2677426691
2821399170
2592940650
2797159810
2787811895
2831994020
2446969155
1063665253
567721670
2785391542
820199618
472870916
97671568
2782743987
1395872414
2782261336
266332523
2827389260
2715376551
2773834234
323290661
37836873
2642091670
2775199049
2810363599
438489858
2430903326
2769833759
716468342
2773998995
2773991716
2773865517
2811935137
2737300459
2804188304
2809868084
2809400990
222392331
403407547
591952973
2578558179
2804754001
484108268
2800261321
701830278
619343484
2766723085
1070724636
2380046151
2762098833
2254162370
2790503227
1231196046
2431268961
2760796474
2535574221
2760481451
2787778128
494506649
2462013281
356118025
2773479734
238765732
2759284628
778339862
2752598643
2773067910
394134441
1066126813
1457224454
2751235445
2750981403
2766399019
2249754425
1154985121
2763214958
2763734275
551328343
378475138
213659585
1616012071
2730022737
2734118555
2746509416
757766700
2724147490
2742774869
2739808194
2722201968
2744878654
2311819575
2743341957
307533642
2743003151
2742013485
813769345
271539856
2724751669
927754914
2738526693
2719293764
2714971362
2711609846
241287466
2735686996
2591307967
2736654442
1910329249
2734533286
1266720920
454381433
527888127
1548495793
2709823712
2342801263
2734200904
2712105171
477924109
154499118
2696180240
999605246
2386458129
2713538183
980059320
343019387
478976756
2730938458
125664753
2725811668
469354393
2706936287
289279786
2408573578
1120446319
2484884830
1578591426
2401618963
2438311972
2317998869
538284842
983365904
314717517
2408251511
1568631426
2683360807
2682635570
1416283519
2724035908
2329748547
2171200316
1672847101
2721908638
2674123970
2530171212
2640553959
2718710847
717827854
2151929338
613767312
1387056018
144370084
2707037615
2561823482
359803246
2532812863
474402704
2561710680
1415351431
2583008930
2713950189
2431997997
2205065119
2699780242
2711190010
974176729
2711991869
2691754120
2707885912
2707160795
2704479280
2613766105
2631193465
2704142477
2678475131
464962460
2234497020
2695395735
214313217
2696492788
2614224571
428505644
2614281942
2634868564
2563590634
1600926036
1544050964
1291112606
2604324245
479827368
2243846147
2684791523
553627825
974634822
2546944405
2345915853
394622212
1016083752
201416689
2680092287
1043387514
2601362463
287232246
2580243996
160486137
443018360
2660306578
2583010173
2472023338
2416573979
2650073050
2223345018
2591672808
2591471258
2590708404
2645056005
2646403263
2645234501
2641891101
324228662
2554128456
492476908
2584350072
2583848792
712301890
825211164
2579051678
2582357143
2629118307
2626615120
542413571
1167280916
456077283
1348695056
1444548638
2610747251
2616632711
2384024775
461976669
1588477939
2292497746
2569827067
2570765821
2567562878
2567380224
2566795081
2445358625
1456346840
1023741937
2253663475
2499394885
2604241935
422246392
590257602
720841735
1590620173
210189946
2193504015
2562082740
2571236230
1400071628
241050776
1301384220
2180521334
1979305578
2369223137
1061327917
2557186313
2544588781
838610749
2587928596
244874753
1607145440
34591305
82647788
2584050753
2221575978
2546402828
247875538
1471323956
403704066
2580142251
2531886716
944583146
2577262707
2541685988
400181977
1397492953
2540561622
2540360641
2540346691
1337652314
1052215962
1262558563
2251049068
2571058617
853298358
497194970
2568827122
2568737536
2431019195
2498239615
130965825
623056266
743396826
478965739
928310412
412153062
1480323176
2564269281
792468763
2564029474
2563614735
1277669611
1312061636
2449553557
2288942122
2232076751
1596391764
545153484
980205577
1439269519
713134178
341665065
1784528160
2517592921
1260092966
827750210
2558977029
2515796370
2423937126
482012445
1259939239
307456194
2507211019
707658420
381656141
234971777
2554151513
493448917
2494930800
2223524861
2340335215
169061435
2505716490
748483890
2505158449
2505035617
2547679005
1217027275
2204313687
1424065862
878460078
2437709417
2479617716
936927667
616321687
2547340353
2316002772
1050679261
1488449696
2545642852
971636378
2477743543
1864659229
1282963050
2457215096
420452409
2330441235
2543073365
342400841
556146886
2540725073
632950855
1061098190
345004183
2539455009
2390798642
244193336
286601891
2483716351
2535143321
802883816
2397494303
430326244
53705283
2243205974
374980473
1089632258
141790693
223556553
2478579372
2528669021
347977169
471809070
2477274294
2262168425
2519311096
2437574047
359859561
496964200
2521435163
2525353481
615173481
1886996485
465145896
621088568
426952345
559386149
2266577551
953329560
257431340
1949831060
2473182457
359692237
2505754853
2472172520
2512679409
780725863
2516421273
2353063521
2516558543
966473329
2515652314
887456682
309781167
307821653
2466275114
577123573
131485150
484336150
42445556
257428920
1405083444
2317670464
374158220
2378697648
1295201233
279076037
2510976268
1308039337
2380176478
2506942745
2196999142
2269566672
1023952148
2200275944
2412766914
151174183
2200592797
2500536815
406100375
898411831
2501631508
2227084295
955411490
449048109
575010679
636596226
2485219715
396134564
2184717602
436978283
2453682721
2157312999
86608525
1276128079
2327671202
2448075193
1607169757
2488080615
817811352
2482289219
1497036032
464215780
615923258
2369022305
2476914011
229900611
2474053611
2434072243
2295755734
2476519672
2407647163
2473426997
2475547522
2470028957
553899231
1304943481
466739390
2467228996
359620734
2418684244
2431281687
1623122420
2175272157
403742700
1140681283
2456574875
493921821
499907833
1281431833
2426233525
2426217138
2458349825
970697144
308062729
567852195
546780938
2420662779
444618866
730452445
2415045084
2450877339
2392716890
1495041594
611666004
307086850
128948613
487352885
2221872633
2438556059
2409627368
2432414537
2391277065
597826151
1014039048
1243749878
1444628588
1105857872
2398659552
1666631810
216915722
1969788182
615356458
2397910614
854799692
2396992370
477753790
2326858885
117525979
446655409
2410638687
53395354
2392629289
2414678289
155382695
347382825
873581587
250065886
2385483230
399675828
2384010510
2401894313
31082901
2394857949
974073234
472263678
561317666
1420062025
1428588505
84470922
1114718180
382243771
2193067580
234721242
739049251
468464091
2286406127
317664215
2374400557
2374257019
2382333928
2374099026
1511393755
2372024587
2373700082
2372097847
611997227
1229730354
356984534
2376093519
2272772784
2367976094
1219763838
868581067
2367766355
2364649099
170084780
306388831
101244810
2341594799
2353672585
2364688715
2361006448
354932706
1295250457
2355293970
2356969455
108081147
2354698988
2209433788
439564085
2327451011
397181008
1198632498
585927049
1072154594
2347081385
2338903774
220922631
1876262683
844473224
2269138882
2342578537
573116094
2345558491
2225637608
762612372
2343892312
123556206
772402902
169598818
2342003163
2341602256
2341468198
2325144369
1630953702
2196881973
2339461476
1733017112
533393695
1678525476
2337652961
371847107
1522223852
431850086
2335129542
2327712101
2168718990
1608359551
329781432
2318225017
2330542876
2254472805
1599118063
1402027622
514209597
2327552625
2217522927
371788469
1852054796
2312733351
2276321804
777182389
2160625232
142720767
2275418153
2322917689
2318095721
2166596225
2316947681
2321119194
775387172
51805279
2304149247
1255532214
567794658
283139899
492773709
929609761
1202063371
115978374
2307201929
283740835
2306118141
812990274
342456222
2290309917
2209481276
2309486076
287176361
2291769748
1127723492
2306008573
249759028
386764265
385611544
471303192
1067100446
82657579
1688043890
1316662676
242610032
1379984838
1013619421
1061294185
1289165840
2182775054
1705838036
2184944732
2203657541
1709174702
586552862
1205918720
826878001
523773606
1519703136
708019953
378460393
2279296040
2200714924
1686885751
260853402
2274824886
2248866333
217455727
15866794
542059776
2250600774
561144349
2272195051
521715687
336106673
454404569
532346848
1474762688
2236947526
286732833
2269202880
2267546022
344771742
2268067147
2267975528
527625572
2267815933
2250104613
2258101489
1524743624
1610819304
1018127935
2266482541
2266233348
1372773907
2256153722
153185302
113708617
122174254
622731271
1918383470
1298837401
42593196
2256734977
1166223901
493866064
1946549012
2255719910
2249484055
491804612
701144850
2232343343
2232500775
1460182028
1259904950
426784593
319858987
2247864031
1092367464
2247103297
2225952239
2245371727
2243744322
982265924
2235108901
2221978737
619329243
1848902712
463312441
565893633
1492717712
623745358
234505545
2214992679
599453550
478028050
815919170
421169798
283589255
131115867
764474184
415260526
562472988
37891178
418757381
859861746
2215057488
893603359
2209488657
1228207302
51072564
2207479660
2231753953
592855128
451178421
2170305065
1112571620
2206415920
2207605979
2188666739
334759248
2229171829
1964648774
524126278
1226201010
244450081
1465100016
429294738
1425898237
492420377
1104712741
2225058150
1863081109
2194813745
780288500
1732322695
355546895
875711414
99693416
1350241838
205413308
1894867063
2216454090
2182294882
2198393146
1270894626
2197951595
527758017
719255127
718630335
258960722
395854144
964496233
150120979
194236871
166566650
635557486
2207671778
2186996716
630422195
391536745
1604359040
353939121
558707132
2187303355
1004849166
1201755272
2205431882
2202113323
2174942621
382036734
408001327
2186696896
424579165
2184907809
553195854
2159371502
404284185
2171966973
1451989687
201955200
2149890614
2169044167
1313191460
2177982082
2180092113
2192577770
607658057
802904712
473415180
2178407624
91618477
2170394766
2175838449
611639579
2176148398
2177445435
2176953712
710800383
2175889181
1327279375
2175766515
847955082
2169782553
2184528392
1443877327
439197194
2182061636
2168112917
2152613452
2170990199
929435856
2149230350
2177208373
287840606
2169840273
2168345313
404105218
2156947652
1527934194
1572644340
2174545543
2172382513
373471914
1095564403
386119407
999458234
2165468528
574556229
982225477
2163549768
2163241249
707377231
2157792310
1375078681
1400274013
494352770
2154110003
243276745
1932350113
466328504
2153554056
1459579153
1625042659
2152757827
2148538785
716358244
1975271832
1974999943
1537593258
999646861
1137482353
1522202227
1174575732
717840297
1964726724
993962334
1963401979
716507505
705100151
342324622
922133246
702336899
1565482177
842502572
709602471
709528961
1954501194
186666618
119865867
897520580
463951760
439128778
1952401783
756520117
1951859958
1068977125
629942633
893107350
1390254738
1676195113
501765362
1735723178
922090003
147651710
1921777483
702199913
1050530732
461546709
1163271380
701143053
1933363532
1876033956
1931923231
1930317464
1927841395
1651521386
965181307
1924644654
534307719
826820179
1862008086
490522107
1302681852
1900453344
229131183
1850722975
878870804
1858920654
1915473948
1915236014
1646703877
700068375
584582336
787567333
1675272260
1048451107
1891571226
1692145819
913382942
1702362674
1897884174
359525608
982535742
758559145
1222929606
1561496522
1894745390
1884142099
1867042267
1890650785
1600718210
1684308937
1880405430
1886528414
1855255508
616620435
1882934076
544417118
1876734822
1876476187
1696565780
1873081603
630322383
162858546
1020761767
1642547971
991633502
555103176
363796956
539095010
1852014266
521742028
1596651246
1851619590
1850091553
393472192
246244633
1339811598
492193732
193381823
1617625927
1362354734
1744545343
1799016710
291778295
328742315
1748728850
505636422
1000186388
1715068746
1525786921
625890362
803327438
1722895345
608084659
1541622631
482937763
1723972116
501255333
1710131312
1677768804
271640821
1722181699
1720268251
983198785
358917808
390303459
153541846
1514529067
950215418
961996028
1710359377
1444378698
491212760
1693956594
1705552490
464154295
1434192092
1608003601
927124482
1704109010
940919354
1702700328
1701929786
1697508506
1698268856
866691134
1697508974
1696858404
1696473594
539441706
812971758
1690168399
370343339
1692015314
1024953049
299032972
1146033728
27845026
1656325669
1627399188
1685624550
1459739262
1408320769
1662205056
1126179224
1495783064
500959865
1675780532
475485926
1605596544
1679101524
1678477626
757739262
859971841
1640638381
1517693456
119842598
1676612971
226548952
1556417676
1669684363
993844278
1673705616
1672103341
410048714
870219810
359709239
288926250
1668897284
558107000
1670503825
584826385
398290845
112011919
1253084714
81577442
1663288735
1338353166
358487254
1499572760
599031061
1172391001
1665495216
637420149
1655401632
1114960813
788117250
1630807495
1593598663
487038623
1536278617
858388938
1561271006
1656383845
1645311373
995523865
1652466409
1654912687
505949872
1653956622
1464740209
384197759
1650814075
1449732254
1638319206
452835171
1203136194
1432981896
471437116
1650707862
474914392
255758933
733227283
791049020
374771405
559557947
622167901
1644190608
1643907133
1546403826
342331459
1419359360
1640412073
1640265954
1626978097
711467826
1639131715
1139456244
245425629
124890035
1635853004
1635398131
391494400
448088905
864459486
1090312494
1631287639
1428135157
1190042624
1283891172
563697475
1625911968
1265625086
568246211
1621060604
83067795
752084334
1619040924
1603329672
1276200578
469340645
1102268263
1197368462
1615045644
1614667231
1439798317
1604528479
1311702308
274696330
629222887
1596930540
1601476123
444452218
1424087228
287606924
493089098
267722363
184184475
1325240504
596677665
1596615464
1111380020
596039109
946733376
1588835940
1601524472
1594615500
1598621863
1601103704
421937041
1598713231
1342189368
1597118756
1511007216
1470165020
1581365096
234932099
978622411
586185249
1343136007
259250070
1498859005
1589384323
1589293460
565717241
1548081973
29972444
833660156
402334423
1585611716
1577591677
1497748908
512384435
1077510572
1583203548
1270448876
1580095908
1579859100
201275156
1387976977
1578105103
1577934038
1575726276
496298204
1575525037
1155228127
1573670125
1570838646
1571685648
526846193
121762663
1570187454
1570899752
142430880
932955018
1570255988
92746655
1026839497
406352796
127702256
718299632
720668754
1561702254
1204806012
827692993
1561069662
1559925091
1273442695
108152451
1015440828
1557414031
1128540992
1556277852
1556219629
1280996360
557890526
482122676
1060804842
1554069391
1553833345
1553319530
1503961316
1552475358
1551646974
858466711
1549318688
1251171728
1333952221
508845861
1545885144
1544009659
1541648442
241433021
1544091176
442118268
349012126
1543077085
1541949811
1523465786
1540729800
1540700814
562335149
393222919
1539348648
1214159360
422354970
570265553
318679140
929280607
1538505846
1495328371
1294516572
446607496
1369484106
1093000506
477663389
119849513
966377360
1532376157
615935867
1409994859
1527518888
1528943893
1526805745
1528140140
450662001
314828773
1525705645
1475567202
921204793
462320745
1524938388
1524792757
1523173543
93824628
1522064738
567415846
564111831
233307881
1262623856
468821727
1514235936
137312210
1448782640
1362668628
1140548660
189550328
418590540
39129440
560624224
181546799
562134009
599742689
477974982
704685762
857536464
1442305800
1000512373
313462863
1024978166
1502059657
341805871
1434977665
1498674860
1471794919
403087965
1496619836
1439309790
1495481270
1495427162
739630734
1492596068
482661500
801373752
1386789150
1487379204
1150650440
1480791031
1485334616
450783560
1211964523
1480021633
1293373849
169249986
93393873
1251333259
598570183
970426766
1112821350
271382194
404289895
1054999399
1479647856
1028745337
438473121
126448380
343169166
39857508
1478159185
1464467701
268547439
724699495
463746018
351308562
454764991
1476087740
1444323385
1411415011
866166043
1150318158
1114008787
1165860469
51582219
1471769930
790907448
1457398112
1472446782
1272094663
266678238
429455672
1468109486
401590560
1470103854
312936407
1464883554
1446180318
1469197946
50982688
54399910
795717582
1015722415
1425716473
601682870
1440565962
1241369468
218169388
1051649042
121783562
1467087612
1467068779
1467068185
955837735
856167943
1464217344
597653316
1465182602
1464994880
908403698
994017841
837912308
516884354
613734282
182334827
1462422674
446342945
418262997
353920065
1313475054
419104431
1443393978
474228760
1459108020
1456237886
1396159015
320228674
1198495032
1128648252
1316667134
970267740
627714212
1456539980
914819408
90909649
1454890556
35184395
710988246
1295653148
371760552
945744002
1454382127
554340355
33162038
169466028
1235808056
419260194
163100687
189586336
1080010778
1451384779
1449769471
1451309083
917005477
1450039248
1450884349
1450826136
1449755486
594969616
313913218
1436109481
391888661
1114937570
780195506
599678445
599378397
1449008233
1037512938
221538848
1253470405
412514828
35187510
284270352
293443002
19961949
1448345954
526633709
290315941
735080713
73611079
578977431
357546357
1404755221
1444373768
817913749
1444692445
908136440
1409655992
53775989
1444917872
984528536
185666374
968013133
262083935
384269820
1443383912
1390387236
261858206
836303922
632288285
996038216
1438906393
593160272
1436914364
939202430
801037568
1435572054
449354190
1433891490
456209601
982301790
1433632838
854549312
132880954
1412512776
1372623524
610242540
1433294864
168812458
583142658
1038319476
1198269679
1398650383
357606354
452466298
1429237958
1429116816
964163526
1405099243
1340042184
1428229358
393630782
932282576
1420911518
1426412359
432982425
911265914
185930566
1178595356
577454423
390680022
726067771
1010662051
625909655
570139624
1422886416
578912518
1421920064
621790395
800622204
372668555
1407203258
1420961400
523212186
806682456
1379911429
302103807
1009628526
1418282833
1415170057
972738084
1224422041
1301779585
1400253066
1416495686
89825112
589573019
387842986
1413812724
1415709590
132189078
827415655
1391561034
237420030
894813768
1401380576
829601604
67861045
1350405972
755779706
1413918602
610436136
848003064
244314080
1413419431
1413243547
1112307259
1180148820
1412733421
830673097
403535035
425617839
601896057
248777269
1407697538
109550900
991053319
1147631550
1165838995
310808310
1406500706
1296480878
1392566551
319279958
1313945869
1409736871
1409717089
1379317249
821920682
571059965
437007497
1406122104
1408680342
179547320
460013685
1406427811
1406280852
1378448808
1406003960
1352187919
304871601
1287929814
623815368
1344770791
477158316
1383166284
1312113775
453055571
495797596
327701280
459750481
383965882
850549513
1228287372
495708933
1389256213
475255307
1400685870
991734198
1260062760
1069585520
342115156
1349427182
1387625580
1399925450
1399780260
866743278
1399507969
367660342
574675136
1398659629
143782854
614466187
1278902696
823617542
593735729
120120691
546898948
395647241
1377692408
1317266534
1114288752
1384034942
1355233723
1274997553
312609419
1395465576
1395501734
1392419150
81110938
981151213
94059641
1394891815
1388110086
1394727182
617340925
891754458
152725567
849792638
502125024
1374618817
1392857022
1390722235
122128305
760201956
519406178
970618970
495428936
1275433842
1278983341
1342915231
414809658
804348978
1390512098
1242299634
1390440102
228386501
1001749920
1390164756
1151732660
1369727936
1389349614
1389063780
28102236
1345405280
476197832
443599321
1063831777
1283215892
334581542
1201582045
323712521
983097679
560434643
446489247
1319346494
372979965
1387808335
1387728614
218133608
457578567
1385252406
265574267
1347753199
358716597
321450384
1295232092
1387160761
326784316
408802279
928617553
831864373
1329469302
1384451378
1365374605
101496589
1386508848
457725760
53725665
1378355857
1061372514
364482428
1385792222
418251410
1140312254
131796884
1096553923
833445260
439092516
236572632
349129268
1161637537
716510786
718846890
1385575698
1385560392
1278545161
807687384
510624506
405166212
957198354
97649007
1385454680
1123752805
232244509
110244449
1277997782
1123467697
398928267
625103933
1384707104
831524624
465098717
456431166
507721663
809138196
1374088758
743248884
838517156
589699379
418110068
288481562
388946669
262779534
722490002
1360246980
1349678078
366809407
354914519
111859252
486745507
514623702
229642238
1211747534
415104420
1122344304
794801822
46646787
1373178996
1384783904
1377450122
1384594968
1347661878
1063176558
1384510862
1384375370
245788625
1342831094
411118544
193841597
381025740
535601776
632143599
113448209
295324999
337692390
1094937288
58224563
420542195
256507093
340207153
31689489
162796304
268909508
46617279
449646052
1384002535
589199697
975669997
857999479
554979920
813820843
456839691
549717668
1383115777
321418980
478055702
312817613
552741118
1353889249
1228593210
302153120
1264849074
716493151
893609359
161625901
274581626
484040090
1339819369
1132068270
201815702
1066514900
878647470
1058135414
354775901
86559556
163842965
537698351
119684633
111372789
244911723
513571512
774099085
63672494
108886104
1381384902
954442862
978317816
413930797
319635540
1381380883
401336343
823907262
1163953214
1372716644
290576912
469218571
208567379
1380022951
1114123129
935390990
1054676940
922071398
353046508
1107666415
465019245
390177486
956532727
827891820
617009466
435691225
536546586
412444106
1145090804
155704390
179523709
1374496806
120212177
465083000
445738076
705440784
771895464
328182559
179084257
344236047
126285003
1379044172
521366293
1270006542
360269185
340312801
407457091
528801274
1319039520
489481626
911025373
1377945242
754005848
1112904320
1054802353
64684292
1219951742
386635894
745716662
1361954839
1377351150
298682912
1370583120
1369990692
1336777410
1376490451
262267197
1209225690
542381255
1373039773
441271431
1375414694
251316574
1375337606
1168659139
1370121265
1028141293
1072181766
505617264
1140449166
1320158138
922181820
616535826
1241855804
1374866719
1048919820
1374926492
250767663
109981721
1374722167
356861137
573767748
884122249
1073616306
1374732744
1153692391
1347946116
620876599
566104175
386605476
404337956
585020619
1314390618
294238469
1228659085
1093519651
1373180455
987381836
1370498828
617744161
263388626
389551420
964784791
1374621776
1007127596
618373614
621034977
803679914
1151445804
636453871
1270140852
1338729314
1099604192
1351333783
1373210000
184021892
1369287721
285859209
51870010
607072504
1372965187
414828819
1278173396
1322883320
485956361
508622165
371876733
1111198626
1372217634
506391034
881916078
1370396365
61545371
1107080509
1371668570
1371651378
265935640
1367268373
378009920
565527536
1369825285
1145918077
438582125
789202783
633951249
710921040
370681102
101321291
1369935512
563850414
1369748965
841878816
1287833118
1332245828
105818062
1367745757
568317853
1369100653
1082327538
738620731
830696485
336175932
1029542383
1341764418
521663478
528528863
1368107090
1272575132
559582183
1246533192
518730782
1367792437
1363063026
497959260
203969108
1367387832
883144338
1000054710
398157200
817883468
1327437595
760553616
552682430
720893017
1081383936
1124639640
1123491271
1366494488
1364468323
85340576
1366376802
1366387670
1338666205
120467691
561820867
885519774
206764046
985635036
483475766
820715624
587689991
195177323
430084275
391606103
343650080
1271982048
567610109
1275753625
1159944565
578393950
1077055986
1264074223
720240703
1364575428
1364518267
1364310290
1364015528
1209960632
545431009
1362574802
1337512788
1125051960
481054033
289862059
538125799
134601053
1321074282
119843751
1110213613
913063736
280641531
1277698274
246474309
77045342
1074324788
567662973
1299830923
1357844016
817636050
1357680752
757998020
1353086718
898034376
1356548784
1334540760
1321926295
1289520668
1132213106
1040907644
1151308376
1356611360
956318317
949258015
751056840
784691450
1107463747
815724786
1356109256
387653441
1120554025
1004151072
1002050534
1348517449
787409358
504714244
545974027
1355244001
97853409
390373577
976842930
301108216
588652597
713243557
540216619
816515346
631077045
635972363
399574832
1355001144
592729507
1109737154
620893522
1354986565
898856270
475657644
101317292
1354971553
739095624
1331941357
1288376408
583013213
1351788289
914668279
120718326
385146093
973757780
992995766
617225200
609898849
475806748
134803053
532190345
501229368
349149951
348382997
199848511
1217599789
404343750
1352809812
1277631074
1348071062
1172513030
1352838804
394648254
326094626
1284473148
375297146
1344646880
1084574552
564841715
249230224
921146258
1098988832
1351798368
1090043520
1351635080
1349912659
131607675
214447839
413054507
178853806
1330822722
469660759
839964595
1101404648
610929278
1126603590
145848160
1208499714
611667024
304642083
1348836248
1319296128
501791441
1247571721
1340188458
1264996819
991643598
514620922
424882433
413888988
920577524
211225043
1347970554
970096980
1287254906
618501134
1175689849
574362538
1042485414
1347721039
519852182
458621718
1337519708
1254305383
980710712
868827823
408104284
880899252
190722277
1116237661
925865718
809371429
747735914
357080476
1252794644
768088998
1347392455
468639721
1342791055
120037075
1347313836
1260095076
937376916
1347285650
556301082
555401874
77089557
1347094202
1273754222
820867514
572830597
1320685322
473353421
944802324
633823410
1346619463
406247231
225634600
494634568
585899841
538498578
364869619
86310404
359998136
1321530044
1345063890
1271057396
1325163997
121392216
329029532
1344437707
109842348
572988936
292234520
1345282320
906365586
1022437314
567078354
402133557
970657968
1345104624
245454960
568159427
1170020545
1066739232
956346566
621971721
1345098752
635402016
944534461
1345076360
218107708
218483666
724147602
352459530
77720609
869645071
201648870
580055685
1132164884
926408018
288721700
919897147
409441367
585621860
588213805
1344900060
315041881
928132580
86125143
580702394
301473063
1342832000
1145311387
1344605216
1344553010
856241558
1344551654
337718295
1344260910
189563241
434047350
1086125916
337889270
1138074314
318458738
761391896
461686224
1311565483
632105133
1208806368
1343684546
893792826
950632267
199428980
968511456
1342930933
1312089978
632948684
186325260
1022604914
1233481346
173728627
942372728
1342752342
246874364
589100973
1066834368
487306053
841503283
1342612424
213047071
808529142
798148344
441072894
1015767552
1009251488
334646306
273527169
1342514850
987338274
1336681122
225138596
365698153
1342438352
857106206
820142568
875072346
700580532
580184906
369606560
1342307616
1342347512
1342321620
348379257
1342335434
1057542204
885060439
121799969
1282738898
1342120698
404148364
626495001
209830995
482036051
1316919973
385637918
965053562
1244426245
1244763968
1119619026
556688854
631750542
541868256
568992364
348709532
504883852
473241407
146999968
311424760
309084174
457964601
472746680
1085895872
930122305
190716597
141333851
1339729057
585762174
182955559
293071035
1341516600
556162889
396519776
1147553312
356110935
1341277662
414304726
577445860
1341330794
1281956610
1025911530
234519084
827367139
1147510310
910870620
1341032719
480899929
1005462480
1312305535
571373022
842495539
1340758748
1148968213
106078446
244635232
471929328
394595422
1249800829
1047936835
733399244
286646135
193435430
363842515
68376565
818251452
1205357971
272851846
1340405814
1143591577
847977991
970112065
230687138
121251016
578188098
987973392
528010352
575589718
356158346
337764356
1340251878
819323263
715272740
739038620
1103535547
521288887
1340257309
617053063
1305495338
575293156
331828338
625445323
550097245
821256642
912832987
1205955631
331248824
311426677
1157097668
404688421
1239841956
428588901
897925909
823125440
167735299
1198803294
1055253133
1183753051
993786060
342865885
1316582052
1318481636
172445119
900657865
388308710
402264169
1289890842
1146382298
1340045425
987406394
831102997
1037582011
1340011284
476267763
456540311
470668216
1183566991
352890127
362068182
1331233280
1340013734
1101299426
1339992330
910263871
485025588
1277256120
528749102
940303477
1169828394
1331148511
834958646
351448059
834262248
1308698874
817833811
1323050004
363910705
1332178740
545080417
991377504
255123209
318973007
374696359
1227579632
568712343
751046862
1258912412
987467760
552107243
965349506
1002397028
148028070
791677212
1080737892
1131468752
140144013
717939528
388464397
877314571
1148426869
833174924
599399165
131623792
717163963
416182750
344272433
463715036
1332404162
916849597
737111750
1059211585
66034334
1337312899
969824844
545007398
1168546033
877358742
790269638
1338572821
545847755
74550771
1154671262
843433303
320296632
947706080
754968037
984523854
1325319823
1053349735
1263180626
364464849
302092012
251362126
541871056
1090231170
471259309
79700161
817140356
1071430111
960650767
796586030
1161198354
1329831414
362587957
946291807
1314854438
937792602
1339828436
493097098
816177787
630130089
513641983
423864038
821614676
785770700
970609183
319225856
501252701
475809858
486868646
1134980102
1282885406
321044173
320414707
269185521
636296519
147362110
579170326
261678423
1339007773
421962331
1215769183
343997233
48649657
573986565
537902320
317303915
556153612
1076935447
422502384
804861770
489293052
302294690
583990333
526744845
98123860
381174324
574422955
623756104
1054960327
559506152
371977389
341847709
564823968
299815854
968505896
72522903
432955154
43129108
1252630454
100298291
289795371
