2905553343
3039017217
2768163658
2755022717
3037776191
3009892125
613617856
3036390154
1613460186
1394075252
2214584502
221849969
3025630983
583830410
3025435821
3030056866
1592687274
3028825745
2361508018
2744763042
3024785337
417008820
2940030909
3026244820
2889558424
1687979340
1467840546
2939030704
256303021
2496953881
2279715721
1848986030
1974355321
299920017
2824124514
2185294868
2673791744
1467901495
191377279
3012892600
619758367
211986642
723565273
1300903196
1394046416
3010424344
2995713039
3006212805
2984957359
2400365826
16932609
519658619
3004414636
78571232
2985987273
3002526017
3001958963
2175490503
3004014713
536201645
1329987152
2684590877
29237567
90604952
374424454
16615911
2956325727
270010171
325478090
160208155
20046137
2934440261
1351854253
2979326921
2484857497
2981995936
2882513884
3001363925
862591207
1879716517
24373855
389532555
2946425549
937421047
299540452
2372789628
2955631713
2978778694
1974990960
2948724999
2450358068
2817808081
1472063366
22760744
2969764673
554486626
2969525465
388910808
363354518
2990163858
864697266
2887496139
216699212
405905593
1400467357
625509515
2977685062
2967899128
2973009297
120817376
2979607037
59891738
160125909
1056647186
46874249
2149633473
1653328998
2869438661
580075668
189538927
2962111997
2970155962
1206087296
2552193955
633652760
2256251149
1723180855
1584063402
853038170
1635826950
2774383838
1719435684
909231932
1893416322
118660163
2946067894
380880868
514401776
2193670519
1162974043
2671284286
2951992025
1920649620
546327105
386242528
714861787
409484858
2252544861
2940959152
539485901
2896267343
2917147774
2346510778
50154979
594861320
43675385
2939418273
226737580
2394076461
2710242957
2938687918
531794439
2938482557
2938376955
599395944
39534680
234284528
2909069069
2829828062
2236822559
2822781429
431467613
2901419986
2928554896
498170515
1697342299
509203696
2600566117
338282501
265055992
27941836
2923319847
2922679547
2922331955
2912282380
2785921153
2332414167
566553116
1340253283
607445097
541652853
2828580560
571062070
2577279040
588714668
173786214
244857842
70642395
82130952
2513255230
1477137596
2690961488
2902072221
2826262765
1947272383
2900979010
1357063862
420987189
395854004
300233066
2313724353
2719437775
2900877646
46371407
2897928981
46623157
2897823688
2782762045
2896429755
550342778
610804348
1747163436
570624973
2894729249
2893974675
2185110379
300412787
2238957206
2889914517
377657685
626493858
795816308
2889303701
2829735185
2888374523
2888027195
2878562860
2190511932
2532086943
469500809
34374874
2864062647
1005385956
2449633334
2877506014
702063669
2868114632
2879683505
421188629
2878127333
29803241
2480106422
2583912596
2875138834
2872562315
2874822580
381731913
2548688609
2869502393
2487342918
186437782
2586799607
1012379125
2236418160
2845298331
213247391
1560631068
1216601174
526971047
2864007874
471127495
139192726
544460920
1558080726
1080066680
296417009
2858905281
85379813
2856498785
18436860
975836996
2854998735
581062239
1227724188
1954856149
622917965
290250158
2880620246
2847215151
2814058449
2834314852
2802068892
1624241845
2875228002
32996650
516364621
112485860
1731213079
2171949024
714101398
496007490
1569346620
2867751422
2836324683
459964894
2769692766
2825895477
2808971266
2862825798
1202235306
2703845696
18694965
825874411
1316344298
2831737325
2537281235
160448652
848055758
1954147772
2829285345
2828224463
2795261889
2229937260
2824858857
2850409548
2811665650
598200787
2714030036
2819012859
538271929
2804083318
298478690
2786626223
2807961549
527515559
191549738
880480351
2796198501
2797795037
31089869
2800541877
628540772
2481043055
782200806
2798073377
1677921907
585874441
2772041158
2358176322
151033986
360235028
211097957
2542421550
2787747665
2785276018
2833824128
2778786705
2785893544
2364071076
2758108965
2827618190
2817440364
745678850
2265728025
181576416
459345971
1449031309
532063888
513434227
151434744
2348534097
278295964
311627513
2618143054
537506302
783263094
424530601
153776890
774500179
407637088
566492497
625069384
2820787507
2776038995
2592764142
413332334
2282365874
2772828887
118418108
134689136
2771623107
2755367819
390238096
2784519474
1117681118
2807125800
1042973635
350585602
412533812
1490384036
820857672
141223562
560267157
18228065
2438264014
711222855
1331826624
464053638
598562483
2476690154
568947553
507944278
701702931
2765836204
2799999896
283753550
2765166743
2567831626
2796003236
837388472
623929488
591961173
2731147491
592637497
1533797354
2759051464
2588039638
736046659
1053316543
603257949
413423045
467765089
2746307771
285726853
2696676762
1187522852
2752075962
2758885338
1329065336
1618085718
1105840681
2749470997
122462613
2742854384
1062313280
479353845
2745776170
108333578
2742686063
483789184
2561683566
177586677
2741339277
37861025
2739431783
2328449877
2738975097
1708409060
572095759
2709641797
2385920630
2705728201
2730079648
347092437
2728525522
2689979082
2686217972
297665627
2669907678
2724459615
2680384778
2679791232
2723399338
2604473127
588416658
156200642
422107921
2627936856
1569253586
2663086122
1387067702
1917632690
2542845470
103546666
223154542
603477523
500631408
250553983
24172729
230112051
316406821
74534019
51064133
2612054550
367017117
2561635279
475241371
256558765
329894306
470324712
68732343
86549669
2603712452
2404214438
1612501742
2337296636
2653281947
288923821
1729610454
78561382
374659260
544924862
2625288412
2234765046
2376289699
228407952
337808935
624076629
2588063641
2509178771
2587603374
2575453154
229417558
181118671
1144936106
1153578589
2617923845
2172492850
2455016250
23595592
2505210240
806371417
544411250
2608450360
2607013132
220104548
2564018396
2562046830
2560800398
14755958
2275683492
520587275
819489434
1942186986
2562044003
2545156172
1349740904
127292777
2529630793
382297935
2548565346
1267772647
2188161557
2546846822
2519985456
2490316587
2296873135
2521132308
1259303509
2453083728
1892983868
203976538
2534450250
1553232912
2565230476
1386228091
2531726245
1406014806
2436728791
384949715
2392445481
364649623
2520951272
2496631411
2497211084
2515459346
374185706
504498360
1431384661
2504995129
295345398
1738426465
2543674564
2554226325
2507853517
281583194
2470237944
364214075
2489125836
384721421
441843166
949646478
2544071579
882812790
847575942
117885675
2485846304
1630663993
16789303
514567716
2186146144
309550532
2340542364
2531620852
2521435163
886709557
2167427588
176120452
2376482165
1462634317
2470101649
1030390831
396533594
2463799723
346177212
2463121466
574446321
581793180
1206067825
83661881
1971609913
2492594626
1598845860
193359774
2446937238
2486983510
2482503970
487949056
2231240515
2476374333
2295755734
2267475172
2435275032
2465867363
2362953488
404410372
923046716
445607494
599500322
395401466
1588740836
113145299
1349715750
127526499
2424395563
2419650660
2376055528
751598538
40956115
1331273023
2443154350
2380367641
2306614799
2436325079
207289465
2360550809
875729647
622576118
1251036596
2429385855
185986497
337675041
2400052153
2177248967
539181715
201914534
2372268158
2391389311
2332024918
708406475
784297566
589436448
1169546006
97020074
443211508
2361056724
2411043267
301636339
1563577513
134927976
2260083192
463262685
1960988100
1217755158
2382791414
857799816
5609482
2395292027
50700068
107541738
2376391417
1689299550
104140117
2380012527
837727934
1227877032
2365107221
499733732
2370175092
2176860624
2368515793
2367280363
2367415308
545863851
2370019425
2364815094
347950807
1013346986
2316050693
1719030542
1183238244
1958763246
2360815969
1150981464
2359712916
2335499859
1394500710
2355168169
2155636894
1875312925
32863885
2320737353
434037746
452204872
2306957896
415393746
820326762
363062401
89168924
427123269
457387481
346190412
2345176193
2346805147
2320472908
2171677006
125453604
2342276288
712364414
115994353
560469840
2300285268
635110338
148092089
2304426359
137770807
2336054479
885374016
398121401
630190504
558689134
2286065501
2333742776
297466454
2249349608
1914360504
1660360147
1012113924
2228260547
16829021
2232052513
1469589613
2299774276
2182787898
2330066197
196737891
299227132
2319777269
447994517
2179475606
2323723555
575567032
122964722
236939285
2320744704
1116948524
577048382
294507783
391966023
2314076352
2230731439
485572858
2196223753
2265490347
383492723
2154498385
2275015435
2302682361
1568400182
487884030
2308957434
2308524594
2308697918
2308564135
136628592
74811602
2306286128
1941249260
1950049741
2294233331
2176243787
939667950
2296792621
602937726
1660177711
2283996469
2291345007
2290949304
233211118
472220992
2268702240
2254312928
944894894
524674449
2155662995
2290578348
2280835924
2290955820
2260723936
126300592
2278969653
2288338740
347920767
2252206700
398091852
2251719547
1060167685
2283319855
2281157527
576270890
2262476805
41812885
493399398
43909504
2261766470
2261842757
2210724217
399295197
2276425190
617536125
2266553262
1267878138
2269495651
307256032
1623365522
1143675378
2273375353
1045258051
2268891997
71491878
2270999442
1077383497
2226132352
229604322
2243485001
2248911849
2248827706
92530804
399411826
440467068
345178590
2243990146
128321492
2237756296
1866974611
196384732
1198242818
2248210045
2253325400
2215385280
179989892
2247835994
2249178828
1016585312
233226306
961324837
2174918343
527641050
2221964353
494186637
291824443
430678866
2241037238
207916206
1436792323
1032861019
214447839
351607413
497959260
632395302
706915144
734889326
2235940873
170859330
444727264
1495515043
1936900736
2207536223
1500657278
39267958
572425415
2230504884
1154452518
844513964
910734060
54767099
89052295
2225721727
606945905
1521609938
18136724
2154136210
708536860
154264826
2190589749
2180073978
156188410
171618107
2213816622
537152665
1475082482
2182438586
1565340030
2212459478
2210620506
2210451746
630422195
419578055
1348071062
2186622849
419918048
106199247
1362741182
3660881
342135931
2197540548
2207123347
212757468
2205549252
545371629
2203533228
456294785
98720044
941093474
445143385
30844994
1543650252
425011818
889078268
2196683460
700608238
2194019108
2179964351
2179995345
312229937
2190974131
32875458
109944510
971945815
213414552
76994858
2175833571
1065144913
1925763042
543723530
345880508
2170296698
19293687
524550838
2167050888
518068646
1119341857
576269672
2173681939
2172534139
45086331
2172384060
1254931910
1958584148
1022004259
1088581958
1228409418
905683507
703819683
1251070766
899505512
2159942264
1606752144
1832220198
2152385054
1056499062
2153099471
1296158569
23094701
170457211
92310526
350866277
703773386
1367848766
711996599
399663492
962800494
144058034
551215997
295064849
1372849740
177917669
1962916368
1972777382
507705240
1439632627
1968400824
613324298
1967998070
719808238
474231066
1966860978
521693870
718042497
717871480
1883555096
716836984
714874942
239449456
567136097
1961082979
925319804
809623668
1107094207
334157666
733129808
1725997430
565458023
1957053181
1758847207
407848958
272837526
280698683
77601507
1186675741
1733386465
707973581
1022834582
1174406850
404425287
280160441
976771111
824890184
1201829744
136289609
1912249405
473870761
92941375
1343910380
1060150040
566181010
248342097
1705499492
1364199571
995980831
1934766990
1904477298
402925889
1930804610
124112765
973752410
1119243572
1921197336
76716894
374108512
1127350514
845378929
303761274
51808457
1499562504
135223641
110096925
234110254
550470459
347951637
1911274597
1920978078
1921142598
557752644
1919813041
595386356
1917605485
548723029
1917696600
1917711853
1917063578
1281673855
1912354554
1834138310
1911211141
1566996932
227856785
119772054
1610904164
1904884674
1116242244
1189505048
1894338128
214441727
1886225826
620456340
302286987
31267952
377030593
298838734
1511578147
1773885913
1855183062
603556337
1853866369
1849556996
1403956482
1468166708
334066302
632073357
1781236147
1272082477
1744917588
927751543
123595271
348860492
868369141
152754507
1730396088
1015930328
1369612664
777677366
1726312465
369641435
849117516
1699539000
1227380448
956134868
1669684363
234097478
69045984
1296525722
368845713
1715622806
90882327
577963357
380018836
274010698
1136503962
1522237219
471558621
1703103336
328077606
1488686713
150072468
1249969746
119464292
1640883224
203558012
1437976993
373906313
102117313
263575050
233080707
173542706
1667562464
515781236
601845555
1658819851
542640038
443257225
924975762
1570339926
98642958
1080894168
128997663
1682845861
422801862
683683
921843944
350465138
482763848
1671658454
110214554
1670980998
1670363510
359499429
1662907098
846018421
42288394
1367130186
393595673
1658516029
1650107882
1636860781
845797482
1653730495
166653949
500866947
707267316
33010011
99023621
589310980
1026872042
1397495042
269260839
541806941
1575949508
1636300867
1638134401
1636194650
1635101108
888938694
526045082
1620555686
1631394236
1458507552
1623309578
1628565110
404395812
802840873
1119680810
1216538672
157259328
146858933
1618126806
534774918
256325121
392177176
779929862
524121712
1530511572
1616631716
1567686824
743952872
295707309
102878275
1264303874
1596773472
563582266
219355422
602847927
1555108392
176112544
1534669512
1596479779
1259795935
598101916
547969973
1578891582
1219859220
510183172
557691726
1573279009
1572506334
206762333
1567871340
126567203
222121436
228092400
592181274
56919851
528827144
10823342
393956573
119665453
47174506
347778569
549665346
814797583
8645252
392895774
1553319530
1552943966
200916019
1548937670
467497875
505678902
1543033765
1542159444
309222202
1037578416
197264574
397665520
1531904930
1484367931
940899444
312641275
405569464
1400783168
1530294606
301587731
716711599
1499876808
356446845
1413904105
325100893
298501495
1161337868
607420731
71430219
1261949041
272459947
858018146
199929559
1498019118
1324161924
1499083536
374459745
302148316
108577669
218025163
1037848452
1499108526
1498276166
1496092447
228358657
1495213236
955914996
1493609148
1347142129
1492320602
1300278914
87926666
841936448
304976071
222002632
120791070
479412201
1430620860
142715341
703136924
1475294479
159922819
1446726552
98376521
1332154567
572697180
40239218
135608040
1428332382
580181765
600064193
478816916
351934089
119694716
1125496507
38143667
169196408
1465198964
785770700
886617877
523551071
503594253
1460936551
565778690
1225984622
434869821
999760146
1140894236
1154175422
962468498
563665675
248349730
701127102
392234331
1334349716
420509146
1443801972
376810780
913382942
1403726634
1441072519
1439239782
452273573
1364150622
19854043
1359661338
551786296
95717258
1434902299
795764610
260834659
276997115
1066221980
227300672
438718112
1432570813
1431482504
1431305485
1229963162
468711155
123316712
855798282
435584675
193844797
1425053430
97488264
264394115
588621054
243548364
1275433842
302783472
1397870418
1144674356
492523399
461907375
35504342
225634600
157719735
272985275
1097562948
1416748393
477476112
1412325464
1410757962
1409214638
1400256907
1399564532
1402001473
234633345
248454891
38134825
1404743960
266871561
1230861432
1223895402
228032952
1399949436
518010754
1367766786
1395415945
440768865
495797596
1320000661
122129239
80164531
1393320204
1385480371
1389783649
1387785804
1387704564
1386891223
1367274553
1134020131
1352161862
885357577
582576578
1376443388
1381955834
1373099394
419260194
1375090478
1371817423
1368012433
542737399
1366999038
1315537238
426538642
438561842
299063320
1134094735
229950420
1356851407
894323772
385346717
553753249
720023274
1355060124
973207880
56315161
1222632024
254677852
1351585867
449756000
984488642
230320011
454943803
95606370
558060877
633871181
128371308
596613752
535732146
166370673
212276653
30181708
336442639
1275589663
76165312
232570548
235370244
45832761
1334538907
139185826
343110760
293094676
477963828
236865537
1329812324
570887265
1327661293
1320789576
1323494496
487315065
367898811
337787935
1172218232
83169975
198853938
40848256
1320757866
603936059
714700256
1283215892
269034900
1222715868
1317382152
132114789
218423654
1269915366
568349989
102972647
1310444606
1309229383
140844196
1308432644
376363179
1128078907
517954122
570367146
80365452
133568109
179542881
234437172
1300856833
1101512473
563281764
459618117
1291116883
1281402158
1287254906
1272732907
987395280
545109668
159412027
137990579
1283845399
385943854
469657856
123655239
1154640216
413843926
1278373212
1277257633
798662785
834129080
1140963661
563927176
1272010579
246425110
1077232164
82391837
825280405
45793861
401636029
575697164
57305116
498350574
906382081
617104834
50074007
1264613322
234051952
29230423
1053705913
385386798
1188907322
284969018
346214581
150588411
1025141720
1225729346
1149814069
475865267
556775452
496876419
573945114
1252749816
602291395
382974983
1251319585
65207725
129601868
712586870
1166883146
69609862
19649651
47085563
501108043
943855351
457870379
1213656044
450311490
562129888
35184395
401531578
169466028
1236450367
212146677
221004967
1202324149
359018069
288679718
867774396
85553281
113680892
436540630
1239562806
119861387
947978556
1126280462
453246402
222031779
1205935789
401987791
416699757
1220017388
63084072
701782339
395306837
1221774930
1216774951
222594922
1215159740
948173305
1176874772
112405740
129844700
511193042
482361065
1208991896
839335808
1206082322
263137929
1196243143
117486431
424322850
395266921
1156292246
1010769115
157136795
113500748
257921807
112159122
295384963
101902162
58289259
733639117
1191944310
40209409
211639443
499248537
159419889
1040529012
222162843
111965031
593151705
1178205522
550009287
1175320405
561409159
1173662096
585588983
60516813
452965193
57307298
1170264019
1167603433
431151326
575807769
1161436068
366203755
355446256
1023144649
1164009926
1084096123
994707079
446215359
1151501569
856909651
1126660177
601636657
25742021
381541914
1155468829
401545519
1153924717
1148017357
1152623454
476742229
1151411636
1142977795
706984573
372043492
1142557920
522714663
321928960
413204261
1119862970
1143544100
309857508
491743882
726709376
1140878089
1140443870
226578237
1013164752
1124563518
995718122
536593583
1079807820
1042202700
216021712
1136274968
88897035
9069392
1128465218
1135203133
134972044
1116819325
1063441896
307343235
600505536
222429818
498051100
282953733
123413672
1130486905
755769859
604723173
154550000
1087089986
1033786489
529735857
484216279
1122450624
171399203
464712636
400046385
100237832
1103398986
459439214
1121272051
498837106
102766382
258693437
66166836
158687391
1127596064
303173051
257593603
1125254418
969679080
353029738
189906764
456855244
1086476365
184398980
478190485
57338530
594859106
366285736
399336435
582548075
635037774
593576124
182328629
477109341
1126908162
405754603
105195558
435706923
501238514
357229135
560771787
122530830
345593013
78146925
577352768
151211005
84509678
195590645
447879089
472990145
337668229
317398380
1126061570
42400119
371226186
233217316
452954592
72241874
572697732
303349926
867703332
73448243
65354504
625445323
74451462
51220009
1066189693
495178762
937442870
1125583680
137391912
741132829
1115168755
182513757
912659442
225009661
277205461
637317874
83639926
561523375
382239804
536381793
1118270305
121492200
752806686
905613631
516677051
21134591
464178949
367903990
1109544523
1101288186
1006054819
1103882904
538870863
102645433
914263195
1090777628
326315928
1024359788
52862585
350058967
457551278
372216315
393561639
420494079
524562801
298458829
199620586
993112002
355255389
978833280
489336894
130928541
328946690
451641580
513645199
127207531
370592270
534548272
178898090
1012055695
305708370
82599382
392613007
883261080
1075976059
216859168
1074051512
1070875453
564777589
524865529
65379170
604858897
1045835948
448335036
487631138
767327995
24938370
217823009
123597943
307452626
1000282766
553141265
99778539
410082116
716167322
180719600
14764219
944409912
957638630
904463665
92427569
863511770
375514527
636568629
827431885
921187196
999257936
481263539
1020539378
309184564
595536568
454007924
1018383703
1016201844
807283080
376244927
730573662
243853821
1011869228
1002674329
55973386
19857338
278259096
84102942
190991874
557666270
411517262
334044267
338361958
16355400
262740240
477508907
82572845
52574224
464104255
305308416
148714239
118573761
193839120
271118535
848278412
554551953
312934334
610220090
49355508
950305165
29786910
424537117
625809023
341517683
844036620
987306763
9360242
578868209
447517157
273570772
250142962
337700938
419072169
984786774
120007676
264565417
228683097
150325557
475307959
363136429
23631982
33579188
434686032
7119262
287760757
43083682
132143226
981337764
570004778
715290912
980044747
251785006
567494500
979227685
28265925
624753549
587507194
976540320
288393173
975698503
631342642
564045787
970765074
835086541
970104264
428497129
525749812
231561117
606295021
838165214
207433546
557266247
590162169
559958360
626803155
129820792
74960755
222536183
14854027
922072310
16002235
829973948
276141679
37301021
301174450
821387198
467751575
156428475
404315735
354223834
33864558
513734236
963495006
116012776
875310818
926692964
601322064
357015528
838352995
248431153
261631933
140105732
50841666
527175108
950755376
903670448
47613388
944243144
934449840
410149816
603565437
726289374
65685013
